0.000 -137819624.134 
0.001 -137819736.496468 
0.002 -137820073.327583 
0.003 -137820633.244021 
0.004 -137821413.802817 
0.005 -137822410.842733 
0.006 -137823619.484778 
0.007 -137825032.021016 
0.008 -137826640.340545 
0.009 -137828434.493043 
0.010 -137830402.572031 
0.011 -137832532.084784 
0.012 -137834809.436744 
0.013 -137837219.95209 
0.014 -137839748.027406 
0.015 -137842377.669503 
0.016 -137845092.434544 
0.017 -137847875.271905 
0.018 -137850709.272998 
0.019 -137853577.065915 
0.020 -137856461.615712 
0.021 -137859345.900499 
0.022 -137862213.05416 
0.023 -137865046.884303 
0.024 -137867831.354694 
0.025 -137870551.308729 
0.026 -137873192.11482 
0.027 -137875740.106933 
0.028 -137878182.036117 
0.029 -137880506.28804 
0.030 -137882701.886304 
0.031 -137884759.109049 
0.032 -137886669.736054 
0.033 -137888426.965152 
0.034 -137890025.358104 
0.035 -137891460.838873 
0.036 -137892731.051382 
0.037 -137893835.288983 
0.038 -137894773.928159 
0.039 -137895548.897531 
0.040 -137896163.019378 
0.041 -137896620.983695 
0.042 -137896928.074184 
0.043 -137897090.57163 
0.044 -137897116.029679 
0.045 -137897012.430133 
0.046 -137896788.936719 
0.047 -137896455.237544 
0.048 -137896021.526653 
0.049 -137895498.690548 
0.050 -137894898.01766 
0.051 -137894230.673274 
0.052 -137893508.561474 
0.053 -137892743.042302 
0.054 -137891946.016737 
0.055 -137891128.662114 
0.056 -137890302.268712 
0.057 -137889477.318343 
0.058 -137888664.271936 
0.059 -137887872.546556 
0.060 -137887111.296505 
0.061 -137886388.616057 
0.062 -137885712.190223 
0.063 -137885088.797538 
0.064 -137884524.181205 
0.065 -137884023.649304 
0.066 -137883591.266863 
0.067 -137883229.961098 
0.068 -137882942.256562 
0.069 -137882729.719885 
0.070 -137882592.589707 
0.071 -137882530.541556 
0.072 -137882542.347947 
0.073 -137882626.160097 
0.074 -137882778.9958 
0.075 -137882997.497242 
0.076 -137883277.536576 
0.077 -137883614.511452 
0.078 -137884003.111489 
0.079 -137884437.754049 
0.080 -137884912.17949 
0.081 -137885420.193928 
0.082 -137885955.071309 
0.083 -137886509.911847 
0.084 -137887077.851895 
0.085 -137887652.029397 
0.086 -137888225.324533 
0.087 -137888791.267388 
0.088 -137889343.256896 
0.089 -137889875.098344 
0.090 -137890380.998904 
0.091 -137890855.682977 
0.092 -137891294.149995 
0.093 -137891692.283859 
0.094 -137892046.28487 
0.095 -137892353.066583 
0.096 -137892610.24673 
0.097 -137892815.955552 
0.098 -137892968.967382 
0.099 -137893068.875147 
0.100 -137893115.556403 
0.101 -137893109.739111 
0.102 -137893052.70153 
0.103 -137892946.217441 
0.104 -137892792.568083 
0.105 -137892594.59962 
0.106 -137892355.680329 
0.107 -137892079.301468 
0.108 -137891769.958071 
0.109 -137891431.710632 
0.110 -137891069.409072 
0.111 -137890687.689397 
0.112 -137890291.786923 
0.113 -137889886.598637 
0.114 -137889477.296044 
0.115 -137889068.838579 
0.116 -137888666.096609 
0.117 -137888273.862627 
0.118 -137887896.631012 
0.119 -137887538.67466 
0.120 -137887204.068867 
0.121 -137886896.242789 
0.122 -137886618.610525 
0.123 -137886374.058252 
0.124 -137886164.825699 
0.125 -137885992.847632 
0.126 -137885859.768817 
0.127 -137885766.444757 
0.128 -137885713.484417 
0.129 -137885700.848485 
0.130 -137885728.026382 
0.131 -137885794.241573 
0.132 -137885898.205906 
0.133 -137886038.037124 
0.134 -137886211.722378 
0.135 -137886416.726494 
0.136 -137886650.269508 
0.137 -137886909.167109 
0.138 -137887190.051918 
0.139 -137887489.369852 
0.140 -137887803.25611 
0.141 -137888127.76352 
0.142 -137888458.897436 
0.143 -137888792.711007 
0.144 -137889124.927597 
0.145 -137889451.74945 
0.146 -137889769.365648 
0.147 -137890073.913374 
0.148 -137890362.120142 
0.149 -137890630.618754 
0.150 -137890876.520707 
0.151 -137891097.359327 
0.152 -137891290.733932 
0.153 -137891454.725347 
0.154 -137891588.090205 
0.155 -137891689.403618 
0.156 -137891758.090356 
0.157 -137891793.798035 
0.158 -137891796.593745 
0.159 -137891766.765683 
0.160 -137891705.125637 
0.161 -137891612.964566 
0.162 -137891491.715673 
0.163 -137891343.098687 
0.164 -137891169.404233 
0.165 -137890972.878512 
0.166 -137890756.237404 
0.167 -137890522.471122 
0.168 -137890274.46325 
0.169 -137890015.417915 
0.170 -137889748.565058 
0.171 -137889477.177605 
0.172 -137889204.711066 
0.173 -137888934.27357 
0.174 -137888669.205095 
0.175 -137888412.55517 
0.176 -137888167.392194 
0.177 -137887936.277078 
0.178 -137887722.076895 
0.179 -137887527.094478 
0.180 -137887353.405026 
0.181 -137887203.030572 
0.182 -137887077.203446 
0.183 -137886977.481225 
0.184 -137886904.42848 
0.185 -137886858.919692 
0.186 -137886841.038596 
0.187 -137886850.782285 
0.188 -137886887.859282 
0.189 -137886951.364729 
0.190 -137887040.337301 
0.191 -137887153.620121 
0.192 -137887289.508179 
0.193 -137887446.316196 
0.194 -137887621.942502 
0.195 -137887814.096491 
0.196 -137888020.38617 
0.197 -137888238.231284 
0.198 -137888464.826614 
0.199 -137888697.461132 
0.200 -137888933.258791 
0.201 -137889169.225062 
0.202 -137889402.729865 
0.203 -137889630.837726 
0.204 -137889850.879736 
0.205 -137890060.166038 
0.206 -137890256.5569 
0.207 -137890437.562915 
0.208 -137890601.286972 
0.209 -137890745.977006 
0.210 -137890870.102982 
0.211 -137890972.481793 
0.212 -137891052.035487 
0.213 -137891108.066573 
0.214 -137891140.209433 
0.215 -137891148.341758 
0.216 -137891132.602216 
0.217 -137891093.32459 
0.218 -137891031.26102 
0.219 -137890947.354542 
0.220 -137890842.823712 
0.221 -137890719.156476 
0.222 -137890577.927804 
0.223 -137890421.002298 
0.224 -137890250.466473 
0.225 -137890068.544219 
0.226 -137889877.352834 
0.227 -137889679.321832 
0.228 -137889477.052871 
0.229 -137889272.873005 
0.230 -137889069.272668 
0.231 -137888868.733023 
0.232 -137888673.609351 
0.233 -137888486.045117 
0.234 -137888308.292364 
0.235 -137888142.602996 
0.236 -137887990.699294 
0.237 -137887854.25735 
0.238 -137887734.778446 
0.239 -137887633.603486 
0.240 -137887551.726555 
0.241 -137887490.058735 
0.242 -137887449.025365 
0.243 -137887429.023846 
0.244 -137887430.186395 
0.245 -137887452.221586 
0.246 -137887494.802216 
0.247 -137887557.178641 
0.248 -137887638.575379 
0.249 -137887737.828412 
0.250 -137887853.658765 
0.251 -137887984.614778 
0.252 -137888128.970931 
0.253 -137888284.919401 
0.254 -137888450.619615 
0.255 -137888623.898536 
0.256 -137888802.620319 
0.257 -137888984.653575 
0.258 -137889167.715048 
0.259 -137889349.645902 
0.260 -137889528.171191 
0.261 -137889701.223791 
0.262 -137889866.681811 
0.263 -137890022.697842 
0.264 -137890167.344884 
0.265 -137890299.188028 
0.266 -137890416.505474 
0.267 -137890518.267893 
0.268 -137890603.233014 
0.269 -137890670.542412 
0.270 -137890719.62787 
0.271 -137890750.132357 
0.272 -137890761.611269 
0.273 -137890754.253605 
0.274 -137890728.260897 
0.275 -137890684.077917 
0.276 -137890622.310998 
0.277 -137890543.817335 
0.278 -137890449.831506 
0.279 -137890341.425805 
0.280 -137890220.021813 
0.281 -137890087.203476 
0.282 -137889944.725166 
0.283 -137889794.207529 
0.284 -137889637.607079 
0.285 -137889476.855499 
0.286 -137889313.896405 
0.287 -137889150.791144 
0.288 -137888989.288132 
0.289 -137888831.472375 
0.290 -137888679.138353 
0.291 -137888534.115711 
0.292 -137888398.034299 
0.293 -137888272.548005 
0.294 -137888159.059557 
0.295 -137888058.748384 
0.296 -137887972.817869 
0.297 -137887902.230107 
0.298 -137887847.602589 
0.299 -137887809.618467 
0.300 -137887788.509256 
0.301 -137887784.471469 
0.302 -137887797.350555 
0.303 -137887827.042486 
0.304 -137887872.957382 
0.305 -137887934.548349 
0.306 -137888010.912902 
0.307 -137888101.175549 
0.308 -137888204.092127 
0.309 -137888318.41693 
0.310 -137888442.765555 
0.311 -137888575.526356 
0.312 -137888715.067451 
0.313 -137888859.673432 
0.314 -137889007.567585 
0.315 -137889156.917718 
0.316 -137889305.943076 
0.317 -137889452.861915 
0.318 -137889595.885987 
0.319 -137889733.232478 
0.320 -137889863.321852 
0.321 -137889984.739038 
0.322 -137890095.928428 
0.323 -137890195.724482 
0.324 -137890282.955473 
0.325 -137890356.763616 
0.326 -137890416.226451 
0.327 -137890460.874795 
0.328 -137890490.299833 
0.329 -137890504.13956 
0.330 -137890502.318035 
0.331 -137890485.150923 
0.332 -137890452.794339 
0.333 -137890405.512474 
0.334 -137890344.456471 
0.335 -137890270.063494 
0.336 -137890183.457417 
0.337 -137890085.677218 
0.338 -137889977.971595 
0.339 -137889861.737094 
0.340 -137889738.413782 
0.341 -137889609.457305 
0.342 -137889476.609918 
0.343 -137889341.308642 
0.344 -137889205.284717 
0.345 -137889070.120482 
0.346 -137888937.511215 
0.347 -137888808.983151 
0.348 -137888686.077395 
0.349 -137888570.090854 
0.350 -137888462.500689 
0.351 -137888364.667783 
0.352 -137888277.462391 
0.353 -137888201.974717 
0.354 -137888139.012148 
0.355 -137888089.441964 
0.356 -137888053.496867 
0.357 -137888031.675957 
0.358 -137888024.150263 
0.359 -137888030.87921 
0.360 -137888051.78921 
0.361 -137888086.430493 
0.362 -137888134.482057 
0.363 -137888195.258539 
0.364 -137888267.911502 
0.365 -137888351.581873 
0.366 -137888445.213004 
0.367 -137888547.689792 
0.368 -137888657.704649 
0.369 -137888773.906267 
0.370 -137888894.890553 
0.371 -137889019.084132 
0.372 -137889144.967538 
0.373 -137889271.207884 
0.374 -137889396.048008 
0.375 -137889518.108901 
0.376 -137889635.871271 
0.377 -137889747.886765 
0.378 -137889852.970512 
0.379 -137889949.733748 
0.380 -137890037.149973 
0.381 -137890114.283059 
0.382 -137890180.138879 
0.383 -137890234.186562 
0.384 -137890275.708741 
0.385 -137890304.300926 
0.386 -137890319.781057 
0.387 -137890322.026148 
0.388 -137890311.062939 
0.389 -137890287.013931 
0.390 -137890250.317404 
0.391 -137890201.434892 
0.392 -137890141.147952 
0.393 -137890070.034891 
0.394 -137889989.219985 
0.395 -137889899.445814 
0.396 -137889802.017878 
0.397 -137889698.189622 
0.398 -137889589.214498 
0.399 -137889476.223257 
0.400 -137889360.844583 
0.405 -137888795.463978 
0.410 -137888367.645384 
0.415 -137888197.686154 
0.420 -137888328.531995 
0.425 -137888716.11547 
0.430 -137889243.387243 
0.435 -137889753.103153 
0.440 -137890096.883437 
0.445 -137890179.781335 
0.450 -137889984.341057 
0.455 -137889573.569424 
0.460 -137889071.460963 
0.465 -137888625.688085 
0.470 -137888364.243372 
0.475 -137888358.618132 
0.480 -137888605.511431 
0.485 -137889029.229627 
0.490 -137889503.134005 
0.495 -137889887.368296 
0.500 -137890072.098017 
0.505 -137890008.797151 
0.510 -137889721.054755 
0.515 -137889296.744969 
0.520 -137888862.00796 
0.525 -137888543.092088 
0.530 -137888430.209285 
0.535 -137888552.094479 
0.540 -137888869.723859 
0.545 -137889288.106289 
0.550 -137889682.689043 
0.555 -137889938.637492 
0.560 -137889984.711698 
0.565 -137889811.957751 
0.570 -137889474.479925 
0.575 -137889073.341516 
0.580 -137888726.403265 
0.585 -137888533.16611 
0.590 -137888547.036976 
0.595 -137888760.658033 
0.600 -137889109.565319 
0.605 -137889489.855412 
0.610 -137889789.250185 
0.615 -137889922.182499 
0.620 -137889853.538632 
0.625 -137889606.662181 
0.630 -137889256.390397 
0.635 -137888906.354776 
0.640 -137888658.145511 
0.645 -137888582.188908 
0.650 -137888697.74981 
0.655 -137888968.957122 
0.660 -137889314.904238 
0.665 -137889632.997589 
0.670 -137889830.538395 
0.675 -137889852.488536 
0.680 -137889695.644387 
0.685 -137889408.208314 
0.690 -137889075.996185 
0.695 -137888796.229274 
0.700 -137888649.559779 
0.705 -137888676.314463 
0.710 -137888866.457927 
0.715 -137889163.139828 
0.720 -137889478.206092 
0.725 -137889718.677069 
0.730 -137889815.839948 
0.735 -137889744.110922 
0.740 -137889526.764832 
0.745 -137889229.185409 
0.750 -137888939.240384 
0.755 -137888741.227017 
0.760 -137888691.083295 
0.765 -137888801.513476 
0.770 -137889038.683212 
0.775 -137889332.167103 
0.780 -137889595.017392 
0.785 -137889750.670403 
0.790 -137889755.730707 
0.795 -137889611.097587 
0.800 -137889360.848821 
0.805 -137889079.50396 
0.810 -137888849.27213 
0.815 -137888736.32788 
0.820 -137888771.956163 
0.825 -137888944.05377 
0.830 -137889201.368457 
0.835 -137889467.499664 
0.840 -137889664.196659 
0.845 -137889735.158191 
0.850 -137889661.721914 
0.855 -137889467.31599 
0.860 -137889210.209728 
0.865 -137888966.007579 
0.870 -137888805.668569 
0.875 -137888774.635731 
0.880 -137888880.307036 
0.885 -137889090.784353 
0.890 -137889343.578265 
0.895 -137889563.861065 
0.900 -137889687.696085 
0.905 -137889680.456573 
0.910 -137889546.239333 
0.915 -137889325.626028 
0.920 -137889084.129391 
0.925 -137888892.316519 
0.930 -137888805.2797 
0.935 -137888846.979855 
0.940 -137889004.078956 
0.945 -137889229.734777 
0.950 -137889457.160169 
0.955 -137889619.438673 
0.960 -137889670.305929 
0.965 -137889596.621137 
0.970 -137889421.428924 
0.975 -137889196.91213 
0.980 -137888989.346409 
0.985 -137888858.74273 
0.990 -137888842.113742 
0.995 -137888943.15832 
1.000 -137889131.256224 
1.005 -137889350.738081 
1.010 -137889536.794265 
1.015 -137889635.430815 
1.020 -137889619.204844 
1.025 -137889494.341603 
1.030 -137889298.6123 
1.035 -137889089.98623 
1.040 -137888929.296953 
1.045 -137888862.800807 
1.050 -137888908.525856 
1.055 -137889052.22574 
1.060 -137889251.20217 
1.065 -137889446.4639 
1.070 -137889580.790197 
1.075 -137889615.980817 
1.080 -137889543.069568 
1.085 -137889384.639789 
1.090 -137889188.02092 
1.095 -137889010.949682 
1.100 -137888904.613865 
1.105 -137888899.15471 
1.110 -137888995.069479 
1.115 -137889163.561009 
1.120 -137889354.628712 
1.125 -137889512.017305 
1.130 -137889590.119474 
1.135 -137889567.283748 
1.140 -137889451.532312 
1.145 -137889277.731239 
1.150 -137889097.322192 
1.155 -137888962.807181 
1.160 -137888912.75513 
1.165 -137888960.802992 
1.170 -137889092.03979 
1.175 -137889267.326147 
1.180 -137889434.980561 
1.185 -137889545.971717 
1.190 -137889568.587217 
1.195 -137889497.464527 
1.200 -137889354.676407 
1.205 -137889182.627175 
1.210 -137889031.812619 
1.215 -137888945.837388 
1.220 -137888948.926962 
1.225 -137889039.260853 
1.230 -137889189.629177 
1.235 -137889355.565135 
1.240 -137889488.231139 
1.245 -137889549.34559 
1.250 -137889521.992074 
1.255 -137889415.371234 
1.260 -137889261.665309 
1.265 -137889106.165226 
1.270 -137888994.176239 
1.275 -137888957.6572 
1.280 -137889006.500814 
1.285 -137889125.486732 
1.290 -137889279.235566 
1.295 -137889422.39343 
1.300 -137889513.257152 
1.305 -137889525.991269 
1.310 -137889457.967404 
1.315 -137889330.05268 
1.320 -137889180.397815 
1.325 -137889052.744203 
1.330 -137888984.126497 
1.335 -137888993.559792 
1.340 -137889077.563113 
1.345 -137889210.77979 
1.350 -137889353.801669 
1.355 -137889464.70437 
1.360 -137889511.521221 
1.365 -137889481.504542 
1.370 -137889384.44187 
1.375 -137889249.589488 
1.380 -137889116.747437 
1.385 -137889024.403607 
1.390 -137888999.021929 
1.395 -137889047.139009 
1.400 -137889153.903455 
1.405 -137889287.427922 
1.410 -137889408.464863 
1.415 -137889481.847194 
1.420 -137889486.836245 
1.425 -137889422.839936 
1.430 -137889309.705398 
1.435 -137889180.850955 
1.440 -137889074.225107 
1.445 -137889020.349165 
1.450 -137889034.229689 
1.455 -137889111.11349 
1.460 -137889227.702862 
1.465 -137889349.489498 
1.470 -137889440.915399 
1.475 -137889475.750174 
1.480 -137889444.599125 
1.485 -137889357.548441 
1.490 -137889240.88936 
1.495 -137889128.897108 
1.500 -137889054.065521 
1.505 -137889037.711539 
1.510 -137889083.757516 
1.515 -137889177.942291 
1.520 -137889292.246842 
1.525 -137889393.046289 
1.530 -137889451.093812 
1.535 -137889450.146546 
1.540 -137889391.424607 
1.545 -137889292.98902 
1.550 -137889183.940389 
1.555 -137889096.308839 
1.560 -137889055.120823 
1.565 -137889071.797377 
1.570 -137889140.6995 
1.575 -137889240.80475 
1.580 -137889342.674868 
1.585 -137889416.543745 
1.590 -137889441.353765 
1.595 -137889410.605152 
1.600 -137889334.301004 
1.605 -137889235.291027 
1.610 -137889142.768033 
1.615 -137889083.457155 
1.620 -137889074.251342 
1.625 -137889116.903342 
1.630 -137889198.247533 
1.635 -137889293.965473 
1.640 -137889376.031272 
1.645 -137889420.726233 
1.650 -137889415.743533 
1.655 -137889363.249867 
1.660 -137889279.525765 
1.665 -137889189.308361 
1.670 -137889119.046836 
1.675 -137889088.75879 
1.680 -137889106.644344 
1.685 -137889166.653334 
1.690 -137889250.561411 
1.695 -137889333.581354 
1.700 -137889391.6109 
1.705 -137889408.245755 
1.710 -137889379.376972 
1.715 -137889314.201378 
1.720 -137889232.415621 
1.725 -137889158.053631 
1.730 -137889112.566236 
1.735 -137889108.762732 
1.740 -137889146.863328 
1.745 -137889215.052462 
1.750 -137889292.91364 
1.755 -137889357.673808 
1.760 -137889390.800329 
1.765 -137889383.250317 
1.770 -137889338.02263 
1.775 -137889269.055399 
1.780 -137889196.845178 
1.785 -137889142.393822 
1.790 -137889121.215888 
1.795 -137889138.815785 
1.800 -137889189.293722 
1.805 -137889257.183684 
1.810 -137889322.496483 
1.815 -137889366.354151 
1.820 -137889376.514075 
1.825 -137889350.726821 
1.830 -137889297.159904 
1.835 -137889232.152845 
1.840 -137889174.64835 
1.845 -137889141.300361 
1.850 -137889141.271242 
1.855 -137889173.76919 
1.860 -137889228.619193 
1.865 -137889289.28695 
1.870 -137889338.318684 
1.875 -137889361.548385 
1.880 -137889352.950754 
1.885 -137889315.761438 
1.890 -137889261.415506 
1.895 -137889206.121092 
1.900 -137889165.981338 
1.905 -137889152.25278 
1.910 -137889168.288109 
1.915 -137889208.627776 
1.920 -137889260.943239 
1.925 -137889309.812154 
1.930 -137889341.172514 
1.935 -137889346.498015 
1.940 -137889324.762277 
1.945 -137889283.117649 
1.950 -137889234.072076 
1.955 -137889192.115585 
1.960 -137889169.232555 
1.965 -137889171.529554 
1.970 -137889197.601828 
1.975 -137889239.180393 
1.980 -137889283.805557 
1.985 -137889318.510394 
1.990 -137889333.545227 
1.995 -137889325.166416 
2.000 -137889296.483402 
2.005 -137889256.412074 
2.010 -137889216.930618 
2.015 -137889189.433816 
2.020 -137889181.5437 
2.025 -137889194.907122 
2.030 -137889224.935893 
2.035 -137889262.368882 
2.040 -137889296.196563 
2.045 -137889316.756343 
2.050 -137889318.64902 
2.055 -137889301.880734 
2.060 -137889272.002528 
2.065 -137889238.052165 
2.070 -137889210.065702 
2.075 -137889195.933891 
2.080 -137889199.224014 
2.085 -137889218.28959 
2.090 -137889247.015479 
2.095 -137889276.788202 
2.100 -137889298.922054 
2.105 -137889307.433731 
2.110 -137889300.37638 
2.115 -137889280.466197 
2.120 -137889253.910978 
2.125 -137889228.74607 
2.130 -137889212.167766 
2.135 -137889208.589262 
2.140 -137889218.464267 
2.145 -137889238.291794 
2.150 -137889261.920281 
2.155 -137889282.372078 
2.160 -137889293.908988 
2.165 -137889293.698111 
2.170 -137889282.403991 
2.175 -137889263.819918 
2.180 -137889243.649063 
2.185 -137889227.867933 
2.190 -137889220.792241 
2.195 -137889223.962709 
2.200 -137889235.862267 
2.205 -137889252.548173 
2.210 -137889269.004828 
2.215 -137889280.456784 
2.220 -137889283.984773 
2.225 -137889279.114076 
2.230 -137889267.79158 
2.235 -137889253.67084 
2.240 -137889241.072196 
2.245 -137889233.556897 
2.250 -137889232.868723 
2.255 -137889238.719113 
2.260 -137889248.892146 
2.265 -137889260.102583 
2.270 -137889269.070162 
2.275 -137889273.419168 
2.280 -137889272.325685 
2.285 -137889266.684004 
2.290 -137889258.477755 
2.295 -137889250.452634 
2.300 -137889244.88383 
2.305 -137889243.141175 
2.310 -137889245.282077 
2.315 -137889250.252056 
2.320 -137889256.137026 
2.325 -137889261.220292 
2.330 -137889264.019991 
2.335 -137889264.117979 
2.340 -137889261.932346 
2.345 -137889258.559623 
2.350 -137889255.332574 
2.355 -137889253.237373 
2.360 -137889252.806889 
2.365 -137889253.779614 
2.370 -137889255.431306 
2.375 -137889256.909322 
2.380 -137889257.591072 
2.385 -137889257.25311 
2.390 -137889256.253431 
2.395 -137889255.231201 
2.400 -137889254.93571 
2.405 -137889255.837968 
2.410 -137889257.825928 
2.415 -137889260.262048 
2.420 -137889262.246362 
2.425 -137889262.820431 
2.430 -137889261.497897 
2.435 -137889258.290023 
2.440 -137889254.151415 
2.445 -137889250.396181 
2.450 -137889248.421682 
2.455 -137889249.135355 
2.460 -137889252.732179 
2.465 -137889258.37118 
2.470 -137889264.526658 
2.475 -137889269.175754 
2.480 -137889270.726997 
2.485 -137889268.441908 
2.490 -137889262.682893 
2.495 -137889254.993268 
2.500 -137889247.700493 
2.505 -137889243.083331 
2.510 -137889242.783936 
2.515 -137889247.253742 
2.520 -137889255.42854 
2.525 -137889265.046172 
2.530 -137889273.285543 
2.535 -137889277.505022 
2.540 -137889276.235979 
2.545 -137889269.575593 
2.550 -137889259.360539 
2.555 -137889248.544506 
2.560 -137889240.388101 
2.565 -137889237.456476 
2.570 -137889240.910665 
2.575 -137889250.000746 
2.580 -137889262.206301 
2.585 -137889274.064744 
2.590 -137889281.907204 
2.595 -137889283.290215 
2.600 -137889277.632027 
2.605 -137889266.396597 
2.610 -137889252.863879 
2.615 -137889241.003632 
2.620 -137889234.406442 
2.625 -137889235.209083 
2.630 -137889243.336546 
2.635 -137889256.7639 
2.640 -137889271.492188 
2.645 -137889283.174687 
2.650 -137889288.311425 
2.655 -137889285.226312 
2.660 -137889274.800049 
2.665 -137889259.858857 
2.670 -137889244.927816 
2.675 -137889234.379376 
2.680 -137889231.475655 
2.685 -137889237.100851 
2.690 -137889249.88252 
2.695 -137889266.147359 
2.700 -137889281.154669 
2.705 -137889290.420042 
2.710 -137889291.153921 
2.715 -137889283.06511 
2.720 -137889268.484749 
2.725 -137889251.639998 
2.730 -137889237.577311 
2.735 -137889230.405212 
2.740 -137889232.35016 
2.745 -137889242.963348 
2.750 -137889259.178081 
2.755 -137889276.310887 
2.760 -137889289.304426 
2.765 -137889294.338539 
2.770 -137889289.916244 
2.775 -137889277.252402 
2.780 -137889260.179423 
2.785 -137889243.618098 
2.790 -137889232.523284 
2.795 -137889230.148888 
2.800 -137889237.239426 
2.805 -137889251.725448 
2.810 -137889269.536478 
2.815 -137889285.280785 
2.820 -137889294.441173 
2.825 -137889294.327448 
2.830 -137889284.990446 
2.835 -137889269.232842 
2.840 -137889251.702973 
2.845 -137889237.54582 
2.850 -137889230.924173 
2.855 -137889233.778789 
2.860 -137889245.249231 
2.865 -137889261.939408 
2.870 -137889279.001561 
2.875 -137889291.502988 
2.880 -137889295.702923 
2.885 -137889290.539166 
2.890 -137889277.515022 
2.895 -137889260.615765 
2.900 -137889244.774793 
2.905 -137889234.65374 
2.910 -137889233.151467 
2.915 -137889240.637404 
2.920 -137889254.937033 
2.925 -137889271.750829 
2.930 -137889286.167705 
2.935 -137889294.039245 
2.940 -137889293.248824 
2.945 -137889283.953075 
2.950 -137889269.103749 
2.955 -137889253.169584 
2.960 -137889240.721936 
2.965 -137889235.436718 
2.970 -137889238.724051 
2.975 -137889249.531054 
2.980 -137889264.616085 
2.985 -137889279.478956 
2.990 -137889289.908062 
2.995 -137889292.888143 
3.000 -137889287.734117 
3.005 -137889276.068208 
3.010 -137889261.492166 
3.015 -137889248.256453 
3.020 -137889240.249828 
3.025 -137889239.659702 
3.030 -137889246.578176 
3.035 -137889258.79678 
3.040 -137889272.639792 
3.045 -137889284.163922 
3.050 -137889289.976186 
3.055 -137889288.636173 
3.060 -137889280.684591 
3.065 -137889268.607953 
3.070 -137889256.055385 
3.075 -137889246.687176 
3.080 -137889243.134384 
3.085 -137889246.331951 
3.090 -137889255.100623 
3.095 -137889266.836084 
3.100 -137889277.881707 
3.105 -137889285.25462 
3.110 -137889286.92291 
3.115 -137889282.587854 
3.120 -137889273.716085 
3.125 -137889263.036019 
3.130 -137889253.735443 
3.135 -137889248.512123 
3.140 -137889248.671626 
3.145 -137889253.993995 
3.150 -137889262.759411 
3.155 -137889272.317562 
3.160 -137889279.846665 
3.165 -137889283.283239 
3.170 -137889281.910895 
3.175 -137889276.266745 
3.180 -137889268.273727 
3.185 -137889260.305092 
3.190 -137889254.71113 
3.195 -137889252.99705 
3.200 -137889255.443598 
3.205 -137889261.199449 
3.210 -137889268.320127 
3.215 -137889274.754364 
3.220 -137889278.750319 
3.225 -137889279.228811 
3.230 -137889276.36711 
3.235 -137889271.220785 
3.240 -137889265.437907 
3.245 -137889260.732578 
3.250 -137889258.417597 
3.255 -137889259.014624 
3.260 -137889262.120081 
3.265 -137889266.598934 
3.270 -137889271.111112 
3.275 -137889274.324122 
3.280 -137889275.51799 
3.285 -137889274.486108 
3.290 -137889271.820889 
3.295 -137889268.546389 
3.300 -137889265.576177 
3.305 -137889263.888645 
3.310 -137889263.800299 
3.315 -137889265.100389 
3.320 -137889267.2702 
3.325 -137889269.4703 
3.330 -137889271.115517 
3.335 -137889271.763876 
3.340 -137889271.486498 
3.345 -137889270.516231 
3.350 -137889269.41832 
3.355 -137889268.640788 
3.360 -137889268.43917 
3.365 -137889268.744283 
3.370 -137889269.41823 
3.375 -137889269.931196 
3.380 -137889270.090522 
3.385 -137889269.700793 
3.390 -137889268.941357 
3.395 -137889268.25632 
3.400 -137889267.957275 
3.405 -137889268.423147 
3.410 -137889269.640366 
3.415 -137889271.360951 
3.420 -137889273.114686 
3.425 -137889274.103375 
3.430 -137889274.041851 
3.435 -137889272.683681 
3.440 -137889270.426056 
3.445 -137889267.808146 
3.450 -137889265.785865 
3.455 -137889265.089475 
3.460 -137889266.130573 
3.465 -137889268.760723 
3.470 -137889272.366225 
3.475 -137889275.880567 
3.480 -137889278.247474 
3.485 -137889278.596421 
3.490 -137889276.711637 
3.495 -137889273.100208 
3.500 -137889268.672991 
3.505 -137889264.879136 
3.510 -137889262.835826 
3.515 -137889263.457903 
3.520 -137889266.616028 
3.525 -137889271.564179 
3.530 -137889276.846399 
3.535 -137889280.96794 
3.540 -137889282.705199 
3.545 -137889281.291637 
3.550 -137889277.136092 
3.555 -137889271.383384 
3.560 -137889265.831783 
3.565 -137889262.034982 
3.570 -137889261.321038 
3.575 -137889263.98492 
3.580 -137889269.403326 
3.585 -137889276.071118 
3.590 -137889282.003814 
3.595 -137889285.514747 
3.600 -137889285.400803 
3.605 -137889281.733805 
3.610 -137889275.488069 
3.615 -137889268.533481 
3.620 -137889262.913477 
3.625 -137889260.374783 
3.630 -137889261.731033 
3.635 -137889266.736216 
3.640 -137889273.889171 
3.645 -137889281.29075 
3.650 -137889286.616974 
3.655 -137889288.367231 
3.660 -137889285.999501 
3.665 -137889280.175504 
3.670 -137889272.609255 
3.675 -137889265.541975 
3.680 -137889261.119431 
3.685 -137889260.630512 
3.690 -137889264.330372 
3.695 -137889271.151696 
3.700 -137889279.142759 
3.705 -137889285.979879 
3.710 -137889289.656974 
3.715 -137889289.088969 
3.720 -137889284.495466 
3.725 -137889277.305361 
3.730 -137889269.53577 
3.735 -137889263.528929 
3.740 -137889261.115069 
3.745 -137889262.981112 
3.750 -137889268.628845 
3.755 -137889276.286025 
3.760 -137889283.910682 
3.765 -137889289.217911 
3.770 -137889290.596984 
3.775 -137889287.805928 
3.780 -137889281.706708 
3.785 -137889274.127553 
3.790 -137889267.27974 
3.795 -137889263.218027 
3.800 -137889263.120663 
3.805 -137889267.001128 
3.810 -137889273.592659 
3.815 -137889281.149347 
3.820 -137889287.346368 
3.825 -137889290.333591 
3.830 -137889289.530324 
3.835 -137889285.166718 
3.840 -137889278.50755 
3.845 -137889271.719864 
3.850 -137889266.686722 
3.855 -137889264.896173 
3.860 -137889266.833002 
3.865 -137889271.860381 
3.870 -137889278.462173 
3.875 -137889284.659132 
3.880 -137889288.701683 
3.885 -137889289.555694 
3.890 -137889287.059577 
3.895 -137889282.022144 
3.900 -137889276.041827 
3.905 -137889270.874698 
3.910 -137889268.023975 
3.915 -137889268.287066 
3.920 -137889271.459173 
3.925 -137889276.514099 
3.930 -137889282.005309 
3.935 -137889286.263656 
3.940 -137889288.194918 
3.945 -137889287.353001 
3.950 -137889284.110924 
3.955 -137889279.552404 
3.960 -137889275.124758 
3.965 -137889271.952481 
3.970 -137889271.133395 
3.975 -137889272.666238 
3.980 -137889275.982213 
3.985 -137889280.135475 
3.990 -137889283.802017 
3.995 -137889286.043721 
4.000 -137889286.28102 
4.005 -137889284.64878 
4.010 -137889281.762439 
4.015 -137889278.543144 
4.020 -137889275.947297 
4.025 -137889274.803485 
4.030 -137889275.246025 
4.035 -137889277.042792 
4.040 -137889279.626172 
4.045 -137889282.109583 
4.050 -137889283.854739 
4.055 -137889284.446553 
4.060 -137889283.87146 
4.065 -137889282.475815 
4.070 -137889280.774554 
4.075 -137889279.346361 
4.080 -137889278.633851 
4.085 -137889278.740645 
4.090 -137889279.54367 
4.095 -137889280.647662 
4.100 -137889281.662299 
4.105 -137889282.344002 
4.110 -137889282.520589 
4.115 -137889282.28962 
4.120 -137889281.901058 
4.125 -137889281.611633 
4.130 -137889281.584235 
4.135 -137889281.917632 
4.140 -137889282.401227 
4.145 -137889282.820573 
4.150 -137889282.997617 
4.155 -137889282.710066 
4.160 -137889282.104255 
4.165 -137889281.297333 
4.170 -137889280.707923 
4.175 -137889280.596046 
4.180 -137889281.216569 
4.185 -137889282.450069 
4.190 -137889284.084617 
4.195 -137889285.605377 
4.200 -137889286.447182 
4.205 -137889286.273637 
4.210 -137889285.127149 
4.215 -137889283.265294 
4.220 -137889281.220364 
4.225 -137889279.680394 
4.230 -137889279.209471 
4.235 -137889280.104414 
4.240 -137889282.162344 
4.245 -137889284.980123 
4.250 -137889287.684085 
4.255 -137889289.427164 
4.260 -137889289.74678 
4.265 -137889288.37352 
4.270 -137889285.723236 
4.275 -137889282.542109 
4.280 -137889279.783435 
4.285 -137889278.424847 
4.290 -137889278.868113 
4.295 -137889281.163182 
4.300 -137889284.688669 
4.305 -137889288.546895 
4.310 -137889291.464983 
4.315 -137889292.730573 
4.320 -137889291.775595 
4.325 -137889288.94436 
4.330 -137889284.998564 
4.335 -137889281.20513 
4.340 -137889278.69014 
4.345 -137889278.16857 
4.350 -137889280.016815 
4.355 -137889283.674696 
4.360 -137889288.180233 
4.365 -137889292.220997 
4.370 -137889294.639858 
4.375 -137889294.65298 
4.380 -137889292.295852 
4.385 -137889288.241016 
4.390 -137889283.732308 
4.395 -137889280.136273 
4.400 -137889278.408943 
4.405 -137889279.392222 
4.410 -137889282.565025 
4.415 -137889287.121465 
4.420 -137889291.837562 
4.425 -137889295.277076 
4.430 -137889296.446789 
4.435 -137889295.058936 
4.440 -137889291.596199 
4.445 -137889286.961721 
4.450 -137889282.709926 
4.455 -137889279.994394 
4.460 -137889279.705886 
4.465 -137889281.901309 
4.470 -137889285.966471 
4.475 -137889290.707529 
4.480 -137889294.805311 
4.485 -137889297.026743 
4.490 -137889296.802945 
4.495 -137889294.282311 
4.500 -137889290.248051 
4.505 -137889285.916193 
4.510 -137889282.525175 
4.515 -137889281.190689 
4.520 -137889282.240032 
4.525 -137889285.270961 
4.530 -137889289.479143 
4.535 -137889293.626997 
4.540 -137889296.471823 
4.545 -137889297.364295 
4.550 -137889296.022828 
4.555 -137889292.902192 
4.560 -137889289.11207 
4.565 -137889285.700253 
4.570 -137889283.676019 
4.575 -137889283.670801 
4.580 -137889285.574055 
4.585 -137889288.813371 
4.590 -137889292.40003 
4.595 -137889295.284624 
4.600 -137889296.784789 
4.605 -137889296.504303 
4.610 -137889294.599047 
4.615 -137889291.739237 
4.620 -137889288.855342 
4.625 -137889286.835585 
4.630 -137889286.093009 
4.635 -137889287.04374 
4.640 -137889289.105011 
4.645 -137889291.688494 
4.650 -137889294.113884 
4.655 -137889295.638717 
4.660 -137889295.997508 
4.665 -137889295.097225 
4.670 -137889293.409662 
4.675 -137889291.521932 
4.680 -137889289.988792 
4.685 -137889289.225777 
4.690 -137889289.447274 
4.695 -137889290.542224 
4.700 -137889292.048936 
4.705 -137889293.498228 
4.710 -137889294.530803 
4.715 -137889295.072531 
4.720 -137889294.704443 
4.725 -137889294.018065 
4.730 -137889293.210142 
4.735 -137889292.577395 
4.740 -137889292.322771 
4.745 -137889292.49055 
4.750 -137889292.947628 
4.755 -137889293.491898 
4.760 -137889293.907467 
4.765 -137889294.104371 
4.770 -137889293.988842 
4.775 -137889293.865726 
4.780 -137889293.719643 
4.785 -137889293.8744 
4.790 -137889294.282873 
4.795 -137889294.88711 
4.800 -137889295.560983 
4.805 -137889295.953196 
4.810 -137889295.968646 
4.815 -137889295.513809 
4.820 -137889294.67327 
4.825 -137889293.748483 
4.830 -137889293.169699 
4.835 -137889293.084581 
4.840 -137889293.700103 
4.845 -137889295.018258 
4.850 -137889296.593301 
4.855 -137889298.050267 
4.860 -137889298.957305 
4.865 -137889298.891615 
4.870 -137889297.95637 
4.875 -137889296.353389 
4.880 -137889294.494956 
4.885 -137889293.02462 
4.890 -137889292.581374 
4.895 -137889293.210403 
4.900 -137889294.852489 
4.905 -137889297.234451 
4.910 -137889299.681515 
4.915 -137889301.31533 
4.920 -137889301.763495 
4.925 -137889300.836091 
4.930 -137889298.793536 
4.935 -137889296.270095 
4.940 -137889293.984644 
4.945 -137889292.718797 
4.950 -137889292.882616 
4.955 -137889294.510948 
4.960 -137889297.254334 
4.965 -137889300.278527 
4.970 -137889302.761335 
4.975 -137889304.010092 
4.980 -137889303.578418 
4.985 -137889301.621501 
4.990 -137889298.777529 
4.995 -137889295.890739 
5.000 -137889293.761175 
5.005 -137889293.230135 
5.010 -137889294.321089 
5.015 -137889296.914117 
5.020 -137889300.151122 
5.025 -137889303.25464 
5.030 -137889305.256891 
5.035 -137889305.589912 
5.040 -137889304.189827 
5.045 -137889301.524724 
5.050 -137889298.411732 
5.055 -137889295.748863 
5.060 -137889294.426506 
5.065 -137889294.749312 
5.070 -137889296.721401 
5.075 -137889299.789198 
5.080 -137889302.97636 
5.085 -137889305.51876 
5.090 -137889306.624399 
5.095 -137889306.047543 
5.100 -137889304.090005 
5.105 -137889301.138049 
5.110 -137889298.331008 
5.115 -137889296.466424 
5.120 -137889296.039083 
5.125 -137889297.145429 
5.130 -137889299.641766 
5.135 -137889302.528966 
5.140 -137889305.154046 
5.145 -137889306.719217 
5.150 -137889306.94119 
5.155 -137889305.663657 
5.160 -137889303.525432 
5.165 -137889301.041203 
5.170 -137889299.108565 
5.175 -137889298.230079 
5.180 -137889298.638761 
5.185 -137889300.172165 
5.190 -137889302.430157 
5.195 -137889304.580182 
5.200 -137889306.262864 
5.205 -137889306.920362 
5.210 -137889306.467641 
5.215 -137889305.114083 
5.220 -137889303.411273 
5.225 -137889301.833961 
5.230 -137889300.927357 
5.235 -137889300.829221 
5.240 -137889301.678711 
5.245 -137889303.025589 
5.250 -137889304.535097 
5.255 -137889305.778597 
5.260 -137889306.431787 
5.265 -137889306.40305 
5.270 -137889305.797927 
5.275 -137889304.986652 
5.280 -137889304.162941 
5.285 -137889303.662095 
5.290 -137889303.612955 
5.295 -137889303.986344 
5.300 -137889304.641647 
5.305 -137889305.284525 
5.310 -137889305.796246 
5.315 -137889306.016538 
5.320 -137889305.944415 
5.325 -137889305.831595 
5.330 -137889305.713426 
5.335 -137889305.760811 
5.340 -137889306.0014 
5.345 -137889306.381931 
5.350 -137889306.764835 
5.355 -137889306.985351 
5.360 -137889306.956773 
5.365 -137889306.69017 
5.370 -137889306.163835 
5.375 -137889305.708022 
5.380 -137889305.58909 
5.385 -137889305.863547 
5.390 -137889306.580395 
5.395 -137889307.581057 
5.400 -137889308.683643 
5.405 -137889309.488406 
5.410 -137889309.672707 
5.415 -137889309.309998 
5.420 -137889308.348102 
5.425 -137889307.104577 
5.430 -137889306.04461 
5.435 -137889305.514876 
5.440 -137889305.746449 
5.445 -137889306.771435 
5.450 -137889308.423333 
5.455 -137889310.234306 
5.460 -137889311.633072 
5.465 -137889312.308661 
5.470 -137889311.991609 
5.475 -137889310.744014 
5.480 -137889309.009342 
5.485 -137889307.233805 
5.490 -137889306.117347 
5.495 -137889305.928232 
5.500 -137889306.861364 
5.505 -137889308.702792 
5.510 -137889310.974481 
5.515 -137889313.055144 
5.520 -137889314.28696 
5.525 -137889314.383625 
5.530 -137889313.320663 
5.535 -137889311.358013 
5.540 -137889309.200974 
5.545 -137889307.458787 
5.550 -137889306.6728 
5.555 -137889307.120246 
5.560 -137889308.836193 
5.565 -137889311.158627 
5.570 -137889313.617093 
5.575 -137889315.417844 
5.580 -137889316.140208 
5.585 -137889315.509373 
5.590 -137889313.851472 
5.595 -137889311.574226 
5.600 -137889309.505157 
5.605 -137889308.205324 
5.610 -137889308.076864 
5.615 -137889309.25125 
5.620 -137889311.339028 
5.625 -137889313.78839 
5.630 -137889315.84211 
5.635 -137889317.027511 
5.640 -137889317.039907 
5.645 -137889315.885307 
5.650 -137889313.9367 
5.655 -137889311.942731 
5.660 -137889310.344435 
5.665 -137889309.79125 
5.670 -137889310.25845 
5.675 -137889311.859659 
5.680 -137889313.889979 
5.685 -137889315.835693 
5.690 -137889317.215336 
5.695 -137889317.672014 
5.700 -137889317.155642 
5.705 -137889315.837142 
5.710 -137889314.251658 
5.715 -137889312.875979 
5.720 -137889312.131591 
5.725 -137889312.19279 
5.730 -137889313.065936 
5.735 -137889314.473387 
5.740 -137889315.952815 
5.745 -137889317.169762 
5.750 -137889317.693428 
5.755 -137889317.654676 
5.760 -137889317.006957 
5.765 -137889316.097796 
5.770 -137889315.238038 
5.775 -137889314.677744 
5.780 -137889314.615381 
5.785 -137889314.964661 
5.790 -137889315.778511 
5.795 -137889316.51784 
5.800 -137889317.232115 
5.805 -137889317.613049 
5.810 -137889317.681918 
5.815 -137889317.503744 
5.820 -137889317.246523 
5.825 -137889317.099257 
5.830 -137889317.057903 
5.835 -137889317.264163 
5.840 -137889317.526926 
5.845 -137889317.813269 
5.850 -137889318.021763 
5.855 -137889317.972077 
5.860 -137889317.867196 
5.865 -137889317.683148 
5.870 -137889317.622315 
5.875 -137889317.809283 
5.880 -137889318.213467 
5.885 -137889318.878274 
5.890 -137889319.605278 
5.895 -137889320.125581 
5.900 -137889320.358283 
5.905 -137889320.127545 
5.910 -137889319.541689 
5.915 -137889318.744887 
5.920 -137889318.102222 
5.925 -137889317.786911 
5.930 -137889318.057941 
5.935 -137889318.83549 
5.940 -137889320.110151 
5.945 -137889321.376734 
5.950 -137889322.454708 
5.955 -137889322.904458 
5.960 -137889322.629458 
5.965 -137889321.706913 
5.970 -137889320.440633 
5.975 -137889319.190565 
5.980 -137889318.400178 
5.985 -137889318.468111 
5.990 -137889319.221188 
5.995 -137889320.713257 
6.000 -137889322.515128 
6.005 -137889324.097346 
6.010 -137889324.873015 
6.015 -137889324.978874 
6.020 -137889324.098641 
6.025 -137889322.599804 
6.030 -137889320.962168 
6.035 -137889319.761446 
6.040 -137889319.270849 
6.045 -137889319.804487 
6.050 -137889321.198891 
6.055 -137889323.063437 
6.060 -137889324.98561 
6.065 -137889326.318086 
6.070 -137889326.832379 
6.075 -137889326.313232 
6.080 -137889324.907585 
6.085 -137889323.233554 
6.090 -137889321.607392 
6.095 -137889320.744043 
6.100 -137889320.835178 
6.105 -137889321.843915 
6.110 -137889323.619061 
6.115 -137889325.461983 
6.120 -137889327.097277 
6.125 -137889327.927446 
6.130 -137889327.847078 
6.135 -137889326.833153 
6.140 -137889325.445949 
6.145 -137889323.964862 
6.150 -137889322.877081 
6.155 -137889322.533057 
6.160 -137889323.052288 
6.165 -137889324.296042 
6.170 -137889325.899134 
6.175 -137889327.386696 
6.180 -137889328.331186 
6.185 -137889328.653511 
6.190 -137889328.220142 
6.195 -137889327.266235 
6.200 -137889326.168195 
6.205 -137889325.1965 
6.210 -137889324.764355 
6.215 -137889324.930251 
6.220 -137889325.649931 
6.225 -137889326.698684 
6.230 -137889327.838963 
6.235 -137889328.584947 
6.240 -137889328.919475 
6.245 -137889328.852133 
6.250 -137889328.489512 
6.255 -137889327.917115 
6.260 -137889327.417041 
6.265 -137889327.24751 
6.270 -137889327.317752 
6.275 -137889327.661556 
6.280 -137889328.219032 
6.285 -137889328.760751 
6.290 -137889329.041461 
6.295 -137889329.219035 
6.300 -137889329.210984 
6.305 -137889329.102291 
6.310 -137889329.162093 
6.315 -137889329.252655 
6.320 -137889329.528554 
6.325 -137889329.816111 
6.330 -137889330.167089 
6.335 -137889330.345886 
6.340 -137889330.245221 
6.345 -137889329.996589 
6.350 -137889329.730212 
6.355 -137889329.531207 
6.360 -137889329.525638 
6.365 -137889329.849584 
6.370 -137889330.506979 
6.375 -137889331.289348 
6.380 -137889332.084904 
6.385 -137889332.560386 
6.390 -137889332.791589 
6.395 -137889332.431475 
6.400 -137889331.721859 
6.405 -137889330.983058 
6.410 -137889330.317746 
6.415 -137889330.005767 
6.420 -137889330.373641 
6.425 -137889331.306703 
6.430 -137889332.467634 
6.435 -137889333.753373 
6.440 -137889334.732921 
6.445 -137889335.097241 
6.450 -137889334.766888 
6.455 -137889333.932819 
6.460 -137889332.740937 
6.465 -137889331.649151 
6.470 -137889331.059171 
6.475 -137889331.097739 
6.480 -137889331.927677 
6.485 -137889333.323734 
6.490 -137889334.894159 
6.495 -137889336.247223 
6.500 -137889336.986926 
6.505 -137889336.987968 
6.510 -137889336.176954 
6.515 -137889334.943643 
6.520 -137889333.603709 
6.525 -137889332.582468 
6.530 -137889332.287091 
6.535 -137889332.880153 
6.540 -137889334.016868 
6.545 -137889335.636911 
6.550 -137889337.177937 
6.555 -137889338.246936 
6.560 -137889338.510186 
6.565 -137889338.099813 
6.570 -137889337.030909 
6.575 -137889335.789066 
6.580 -137889334.681085 
6.585 -137889334.098527 
6.590 -137889334.238313 
6.595 -137889335.103396 
6.600 -137889336.397751 
6.605 -137889337.75339 
6.610 -137889338.873041 
6.615 -137889339.477535 
6.620 -137889339.370041 
6.625 -137889338.798832 
6.630 -137889337.803906 
6.635 -137889336.884677 
6.640 -137889336.360954 
6.645 -137889336.231125 
6.650 -137889336.673286 
6.655 -137889337.552564 
6.660 -137889338.481914 
6.665 -137889339.437566 
6.670 -137889339.99831 
6.675 -137889340.132364 
6.680 -137889339.950097 
6.685 -137889339.453395 
6.690 -137889338.993683 
6.695 -137889338.648828 
6.700 -137889338.564041 
6.705 -137889338.81762 
6.710 -137889339.264008 
6.715 -137889339.792424 
6.720 -137889340.208169 
6.725 -137889340.492473 
6.730 -137889340.610369 
6.735 -137889340.549011 
6.740 -137889340.479887 
6.745 -137889340.577302 
6.750 -137889340.663981 
6.755 -137889340.967106 
6.760 -137889341.244883 
6.765 -137889341.51186 
6.770 -137889341.638198 
6.775 -137889341.572824 
6.780 -137889341.393058 
6.785 -137889341.208847 
6.790 -137889341.09818 
6.795 -137889341.167792 
6.800 -137889341.676701 
6.805 -137889342.326486 
6.810 -137889343.009294 
6.815 -137889343.609889 
6.820 -137889344.003243 
6.825 -137889343.94838 
6.830 -137889343.535402 
6.835 -137889342.911108 
6.840 -137889342.237487 
6.845 -137889341.92494 
6.850 -137889341.953423 
6.855 -137889342.45649 
6.860 -137889343.436405 
6.865 -137889344.534896 
6.870 -137889345.554698 
6.875 -137889346.209732 
6.880 -137889346.249181 
6.885 -137889345.770872 
6.890 -137889344.917358 
6.895 -137889343.896984 
6.900 -137889343.180236 
6.905 -137889342.866369 
6.910 -137889343.342506 
6.915 -137889344.299777 
6.920 -137889345.625773 
6.925 -137889346.976477 
6.930 -137889347.906512 
6.935 -137889348.2189 
6.940 -137889347.954463 
6.945 -137889347.0435 
6.950 -137889345.988984 
6.955 -137889345.022473 
6.960 -137889344.448439 
6.965 -137889344.526082 
6.970 -137889345.267631 
6.975 -137889346.515424 
6.980 -137889347.892223 
6.985 -137889349.01311 
6.990 -137889349.619564 
6.995 -137889349.618333 
7.000 -137889349.044 
7.005 -137889348.037221 
7.010 -137889347.112363 
7.015 -137889346.405521 
7.020 -137889346.375859 
7.025 -137889346.710166 
7.030 -137889347.665053 
7.035 -137889348.70353 
7.040 -137889349.761422 
7.045 -137889350.410591 
7.050 -137889350.694079 
7.055 -137889350.48857 
7.060 -137889349.878297 
7.065 -137889349.272407 
7.070 -137889348.679756 
7.075 -137889348.478289 
7.080 -137889348.676683 
7.085 -137889349.183743 
7.090 -137889349.921483 
7.095 -137889350.611641 
7.100 -137889351.140865 
7.105 -137889351.497144 
7.110 -137889351.416554 
7.115 -137889351.238616 
7.120 -137889350.994858 
7.125 -137889350.817959 
7.130 -137889350.820376 
7.135 -137889351.044439 
7.140 -137889351.333077 
7.145 -137889351.54298 
7.150 -137889351.900629 
7.155 -137889352.00683 
7.160 -137889352.119155 
7.165 -137889352.162381 
7.170 -137889352.147772 
7.175 -137889352.269846 
7.180 -137889352.72368 
7.185 -137889353.018226 
7.190 -137889353.352225 
7.195 -137889353.727153 
7.200 -137889353.818758 
7.205 -137889353.674694 
7.210 -137889353.418508 
7.215 -137889353.126611 
7.220 -137889352.944354 
7.225 -137889352.915418 
7.230 -137889353.323514 
7.235 -137889353.939458 
7.240 -137889354.698561 
7.245 -137889355.495133 
7.250 -137889356.060519 
7.255 -137889356.18402 
7.260 -137889355.894826 
7.265 -137889355.369018 
7.270 -137889354.67221 
7.275 -137889354.093878 
7.280 -137889353.921104 
7.285 -137889354.255142 
7.290 -137889355.053312 
7.295 -137889356.065722 
7.300 -137889357.171529 
7.305 -137889357.964084 
7.310 -137889358.311475 
7.315 -137889358.151159 
7.320 -137889357.565059 
7.325 -137889356.69073 
7.330 -137889355.810989 
7.335 -137889355.383972 
7.340 -137889355.349504 
7.345 -137889356.077305 
7.350 -137889357.098223 
7.355 -137889358.323279 
7.360 -137889359.299637 
7.365 -137889359.898031 
7.370 -137889360.070072 
7.375 -137889359.574619 
7.380 -137889358.742992 
7.385 -137889357.91578 
7.390 -137889357.26672 
7.395 -137889357.10007 
7.400 -137889357.46091 
7.405 -137889358.230976 
7.410 -137889359.335534 
7.415 -137889360.349818 
7.420 -137889361.010424 
7.425 -137889361.328408 
7.430 -137889361.140154 
7.435 -137889360.616624 
7.440 -137889359.949955 
7.445 -137889359.437536 
7.450 -137889359.184182 
7.455 -137889359.329486 
7.460 -137889359.92945 
7.465 -137889360.57492 
7.470 -137889361.309822 
7.475 -137889361.91501
7.480 -137889362.242511 
7.485 -137889362.247928 
7.490 -137889362.121529 
7.495 -137889361.791507 
7.500 -137889361.497901 
7.505 -137889361.468771 
7.510 -137889361.642721 
7.515 -137889361.918018 
7.520 -137889362.25688 
7.525 -137889362.658215 
7.530 -137889362.886903 
7.535 -137889363.050811 
7.540 -137889363.118512 
7.545 -137889363.16525 
7.550 -137889363.21876 
7.555 -137889363.418081 
7.560 -137889363.661428 
7.565 -137889364.038225 
7.570 -137889364.218329 
7.575 -137889364.465343 
7.580 -137889364.458468 
7.585 -137889364.319844 
7.590 -137889364.154976 
7.595 -137889363.959027 
7.600 -137889364.005799 
7.605 -137889364.26788 
7.610 -137889364.823449 
7.615 -137889365.404337 
7.620 -137889366.163302 
7.625 -137889366.61371 
7.630 -137889366.774343 
7.635 -137889366.594245 
7.640 -137889366.221433 
7.645 -137889365.707944 
7.650 -137889365.310951 
7.655 -137889365.114194 
7.660 -137889365.336538 
7.665 -137889365.924736 
7.670 -137889366.860842 
7.675 -137889367.792021 
7.680 -137889368.592862 
7.685 -137889368.960452 
7.690 -137889368.881643 
7.695 -137889368.446379 
7.700 -137889367.775931 
7.705 -137889366.998486 
7.710 -137889366.587815 
7.715 -137889366.610191 
7.720 -137889367.178082 
7.725 -137889368.030831 
7.730 -137889369.129088 
7.735 -137889370.084975 
7.740 -137889370.687111 
7.745 -137889370.813743 
7.750 -137889370.456523 
7.755 -137889369.811437 
7.760 -137889369.157576 
7.765 -137889368.582063 
7.770 -137889368.400425 
7.775 -137889368.587103 
7.780 -137889369.384073 
7.785 -137889370.269637 
7.790 -137889371.237795 
7.795 -137889371.868219 
7.800 -137889372.136763 
7.805 -137889372.104723 
7.810 -137889371.66259 
7.815 -137889371.191876 
7.820 -137889370.769907 
7.825 -137889370.499509 
7.830 -137889370.621404 
7.835 -137889371.015857 
7.840 -137889371.746828 
7.845 -137889372.297048 
7.850 -137889372.788673 
7.855 -137889373.138808 
7.860 -137889373.230754 
7.865 -137889373.103911 
7.870 -137889373.021195 
7.875 -137889372.829788 
7.880 -137889372.804905 
7.885 -137889372.949238 
7.890 -137889373.218144 
7.895 -137889373.514643 
7.900 -137889373.771229 
7.905 -137889374.076006 
7.910 -137889374.156563 
7.915 -137889374.218421 
7.920 -137889374.20359 
7.925 -137889374.351012 
7.930 -137889374.611897 
7.935 -137889374.842521 
7.940 -137889375.253526 
7.945 -137889375.531683 
7.950 -137889375.785545 
7.955 -137889375.768438 
7.960 -137889375.651003 
7.965 -137889375.426684 
7.970 -137889375.290867 
7.975 -137889375.263002 
7.980 -137889375.508036 
7.985 -137889376.038567 
7.990 -137889376.664143 
7.995 -137889377.363501 
8.000 -137889377.836375 
8.005 -137889378.040199 
8.010 -137889377.992282 
8.015 -137889377.611397 
8.020 -137889377.168037 
8.025 -137889376.677791 
8.030 -137889376.577404 
8.035 -137889376.683292 
8.040 -137889377.222652 
8.045 -137889378.11581 
8.050 -137889378.981564 
8.055 -137889379.691808 
8.060 -137889380.149736 
8.065 -137889380.163564 
8.070 -137889379.829093 
8.075 -137889379.190826 
8.080 -137889378.564401 
8.085 -137889378.128239 
8.090 -137889378.194536 
8.095 -137889378.604316 
8.100 -137889379.36898 
8.105 -137889380.270572 
8.110 -137889381.117913 
8.115 -137889381.773598 
8.120 -137889381.974637 
8.125 -137889381.855392 
8.130 -137889381.246784 
8.135 -137889380.745054 
8.140 -137889380.26809 
8.145 -137889380.111836 
8.150 -137889380.291423 
8.155 -137889380.904592 
8.160 -137889381.598998 
8.165 -137889382.33216 
8.170 -137889382.958319 
8.175 -137889383.283135 
8.180 -137889383.320958 
8.185 -137889383.062692 
8.190 -137889382.742058 
8.195 -137889382.456235 
8.200 -137889382.299629 
8.205 -137889382.359549 
8.210 -137889382.714482 
8.215 -137889383.186992 
8.220 -137889383.703638 
8.225 -137889384.099619 
8.230 -137889384.28968 
8.235 -137889384.374492 
8.240 -137889384.452388 
8.245 -137889384.40762 
8.250 -137889384.425662 
8.255 -137889384.479222 
8.260 -137889384.744408 
8.265 -137889384.970771 
8.270 -137889385.274129 
8.275 -137889385.415213 
8.280 -137889385.49951 
8.285 -137889385.517542 
8.290 -137889385.492376 
8.295 -137889385.598122 
8.300 -137889385.761859 
8.305 -137889386.129286 
8.310 -137889386.523244 
8.315 -137889386.99285 
8.320 -137889387.370093 
8.325 -137889387.490702 
8.330 -137889387.546464 
8.335 -137889387.332779 
8.340 -137889387.026515 
8.345 -137889386.748886 
8.350 -137889386.789575 
8.355 -137889387.003439 
8.360 -137889387.521393 
8.365 -137889388.192379 
8.370 -137889388.951496 
8.375 -137889389.54761 
8.380 -137889389.829647 
8.385 -137889389.673884 
8.390 -137889389.444342 
8.395 -137889389.011214 
8.400 -137889388.559232 
8.405 -137889388.235622 
8.410 -137889388.399932 
8.415 -137889388.926342 
8.420 -137889389.565393 
8.425 -137889390.476412 
8.430 -137889391.166658 
8.435 -137889391.714159 
8.440 -137889391.798326 
8.445 -137889391.522988 
8.450 -137889391.092016 
8.455 -137889390.597185 
8.460 -137889390.16884 
8.465 -137889390.15435 
8.470 -137889390.465365 
8.475 -137889391.006505 
8.480 -137889391.854943 
8.485 -137889392.596326 
8.490 -137889393.105149 
8.495 -137889393.373946 
8.500 -137889393.3336 
8.505 -137889393.048076 
8.510 -137889392.642664 
8.515 -137889392.350942 
8.520 -137889392.188666 
8.525 -137889392.382741 
8.530 -137889392.780143 
8.535 -137889393.318964 
8.540 -137889393.921558 
8.545 -137889394.338734 
8.550 -137889394.639745 
8.555 -137889394.733167 
8.560 -137889394.638514 
8.565 -137889394.450927 
8.570 -137889394.414213 
8.575 -137889394.498485 
8.580 -137889394.726627 
8.585 -137889394.944447 
8.590 -137889395.20601 
8.595 -137889395.558142 
8.600 -137889395.623209 
8.605 -137889395.831201 
8.610 -137889395.841005 
8.615 -137889395.931047 
8.620 -137889396.095045 
8.625 -137889396.280881 
8.630 -137889396.620663 
8.635 -137889396.946623 
8.640 -137889397.218254 
8.645 -137889397.435564 
8.650 -137889397.402231 
8.655 -137889397.307675 
8.660 -137889397.168543 
8.665 -137889397.117368 
8.670 -137889397.171679 
8.675 -137889397.465891 
8.680 -137889397.823266 
8.685 -137889398.490297 
8.690 -137889399.087706 
8.695 -137889399.554114 
8.700 -137889399.794279 
8.705 -137889399.718208 
8.710 -137889399.449715 
8.715 -137889398.983426 
8.720 -137889398.828033 
8.725 -137889398.654492 
8.730 -137889398.853182 
8.735 -137889399.333413 
8.740 -137889400.108161 
8.745 -137889400.761635 
8.750 -137889401.412882 
8.755 -137889401.790001 
8.760 -137889401.821703 
8.765 -137889401.535534 
8.770 -137889401.189295 
8.775 -137889400.73437 
8.780 -137889400.436371 
8.785 -137889400.529624 
8.790 -137889400.83112 
8.795 -137889401.47724 
8.800 -137889402.280342 
8.805 -137889402.954131 
8.810 -137889403.421786 
8.815 -137889403.619347 
8.820 -137889403.538685 
8.825 -137889403.166298 
8.830 -137889402.890773 
8.835 -137889402.591875 
8.840 -137889402.584417 
8.845 -137889402.858933 
8.850 -137889403.228845 
8.855 -137889403.802302 
8.860 -137889404.268882 
8.865 -137889404.754666 
8.870 -137889404.954108 
8.875 -137889404.918254 
8.880 -137889404.903421 
8.885 -137889404.822776 
8.890 -137889404.775203 
8.895 -137889404.841249 
8.900 -137889404.955045 
8.905 -137889405.249772 
8.910 -137889405.589148 
8.915 -137889405.894489 
8.920 -137889406.090859 
8.925 -137889406.252091 
8.930 -137889406.363891 
8.935 -137889406.363276 
8.940 -137889406.45719 
8.945 -137889406.778545 
8.950 -137889406.982275 
8.955 -137889407.311988 
8.960 -137889407.564858 
8.965 -137889407.79205 
8.970 -137889407.792944 
8.975 -137889407.74284 
8.980 -137889407.636081 
8.985 -137889407.675093 
8.990 -137889407.770431 
8.995 -137889407.97546 
9.000 -137889408.3696 
9.005 -137889408.990466 
9.010 -137889409.456818 
9.015 -137889409.915639 
9.020 -137889410.09839 
9.025 -137889410.000985 
9.030 -137889409.743928 
9.035 -137889409.430426 
9.040 -137889409.249306 
9.045 -137889409.171671 
9.050 -137889409.401717 
9.055 -137889409.992154 
9.060 -137889410.641464 
9.065 -137889411.353595 
9.070 -137889411.9181 
9.075 -137889412.193245 
9.080 -137889412.216051 
9.085 -137889411.835213 
9.090 -137889411.529258 
9.095 -137889411.170785 
9.100 -137889411.082851 
9.105 -137889411.105433 
9.110 -137889411.546425 
9.115 -137889412.202135 
9.120 -137889412.845187 
9.125 -137889413.453522 
9.130 -137889413.907696 
9.135 -137889414.050759 
9.140 -137889413.891316 
9.145 -137889413.584289 
9.150 -137889413.370371 
9.155 -137889413.113955 
9.160 -137889413.181473 
9.165 -137889413.492552 
9.170 -137889413.905649 
9.175 -137889414.457833 
9.180 -137889415.024556 
9.185 -137889415.230668 
9.190 -137889415.462703 
9.195 -137889415.50917 
9.200 -137889415.458564 
9.205 -137889415.398591 
9.210 -137889415.357289 
9.215 -137889415.415144 
9.220 -137889415.695605 
9.225 -137889416.003219 
9.230 -137889416.161419 
9.235 -137889416.450575 
9.240 -137889416.642409 
9.245 -137889416.769862 
9.250 -137889416.801283 
9.255 -137889416.963973 
9.260 -137889417.174282 
9.265 -137889417.367531 
9.270 -137889417.694755 
9.275 -137889418.0115 
9.280 -137889418.220227 
9.285 -137889418.385395 
9.290 -137889418.422489 
9.295 -137889418.301381 
9.300 -137889418.251348 
9.305 -137889418.223737 
9.310 -137889418.424962 
9.315 -137889418.66724 
9.320 -137889419.209334 
9.325 -137889419.744779 
9.330 -137889420.269863 
9.335 -137889420.634535 
9.340 -137889420.804093 
9.345 -137889420.652427 
9.350 -137889420.434748 
9.355 -137889420.062997 
9.360 -137889419.949633 
9.365 -137889419.999467 
9.370 -137889420.284708 
9.375 -137889420.80934 
9.380 -137889421.483128 
9.385 -137889422.105902 
9.390 -137889422.565374 
9.395 -137889422.869498 
9.400 -137889422.773187 
9.405 -137889422.427482 
9.410 -137889422.218235 
9.415 -137889421.945703 
9.420 -137889421.833362 
9.425 -137889422.006676 
9.430 -137889422.611195 
9.435 -137889423.106897 
9.440 -137889423.625695 
9.445 -137889424.19279 
9.450 -137889424.465316 
9.455 -137889424.568883 
9.460 -137889424.441692 
9.465 -137889424.239685 
9.470 -137889424.113613 
9.475 -137889424.075783 
9.480 -137889424.078596 
9.485 -137889424.349847 
9.490 -137889424.807972 
9.495 -137889425.337594 
9.500 -137889425.698409 
9.505 -137889425.878916 
9.510 -137889426.041079 
9.515 -137889426.050683 
9.520 -137889426.111924 
9.525 -137889426.096961 
9.530 -137889426.208402 
9.535 -137889426.438395 
9.540 -137889426.753147 
9.545 -137889426.909751 
9.550 -137889427.114726 
9.555 -137889427.279889 
9.560 -137889427.324436 
9.565 -137889427.455869 
9.570 -137889427.527805 
9.575 -137889427.74099 
9.580 -137889428.016394 
9.585 -137889428.258305 
9.590 -137889428.695043 
9.595 -137889428.920866 
9.600 -137889429.256039 
9.605 -137889429.344102 
9.610 -137889429.314188 
9.615 -137889429.089805 
9.620 -137889428.986471 
9.625 -137889429.051651 
9.630 -137889429.312162 
9.635 -137889429.663194 
9.640 -137889430.09566 
9.645 -137889430.70217 
9.650 -137889431.22185 
9.655 -137889431.497082 
9.660 -137889431.606573 
9.665 -137889431.44349 
9.670 -137889431.183172 
9.675 -137889430.986871 
9.680 -137889430.88975 
9.685 -137889430.96483 
9.690 -137889431.291978 
9.695 -137889431.802314 
9.700 -137889432.446933 
9.705 -137889432.993443 
9.710 -137889433.413767 
9.715 -137889433.66938 
9.720 -137889433.55549 
9.725 -137889433.368122 
9.730 -137889433.09497 
9.735 -137889432.911118 
9.740 -137889432.871815 
9.745 -137889433.123682 
9.750 -137889433.521279 
9.755 -137889434.021244 
9.760 -137889434.568772 
9.765 -137889435.026772 
9.770 -137889435.319093 
9.775 -137889435.322402 
9.780 -137889435.222942 
9.785 -137889435.093869 
9.790 -137889435.026141 
9.795 -137889435.131217 
9.800 -137889435.353357 
9.805 -137889435.569305 
9.810 -137889435.973471 
9.815 -137889436.265394 
9.820 -137889436.502533 
9.825 -137889436.68149 
9.830 -137889436.795209 
9.835 -137889436.926631 
9.840 -137889436.995072 
9.845 -137889437.152249 
9.850 -137889437.335179 
9.855 -137889437.609568 
9.860 -137889437.90907 
9.865 -137889438.116547 
9.870 -137889438.221452 
9.875 -137889438.187836 
9.880 -137889438.296089 
9.885 -137889438.285941 
9.890 -137889438.352377 
9.895 -137889438.609837 
9.900 -137889439.074333 
9.905 -137889439.403004 
9.910 -137889439.890075 
9.915 -137889440.271523 
9.920 -137889440.404788 
9.925 -137889440.483495 
9.930 -137889440.370294 
9.935 -137889440.146666 
9.940 -137889439.997672 
9.945 -137889440.03521 
9.950 -137889440.363219 
9.955 -137889440.662367 
9.960 -137889441.210296 
9.965 -137889441.785242 
9.970 -137889442.31328 
9.975 -137889442.576387 
9.980 -137889442.635495 
9.985 -137889442.458662 
9.990 -137889442.2352 
9.995 -137889442.060815 
10.000 -137889441.922405 
