0.000 -71092919.1795362 
0.001 -71092965.2573808 
0.002 -71093103.4901896 
0.003 -71093333.4840649 
0.004 -71093654.6801966 
0.005 -71094065.9192934 
0.006 -71094566.3423196 
0.007 -71095153.6250927 
0.008 -71095826.0209522 
0.009 -71096581.0831476 
0.010 -71097415.3812435 
0.011 -71098325.7219056 
0.012 -71099308.571447 
0.013 -71100359.8466334 
0.014 -71101475.0675616 
0.015 -71102649.7167653 
0.016 -71103879.0151516 
0.017 -71105157.7290127 
0.018 -71106480.8205761 
0.019 -71107842.7551379 
0.020 -71109238.1919229 
0.021 -71110661.6205329 
0.022 -71112107.29172 
0.023 -71113569.6514276 
0.024 -71115043.0255162 
0.025 -71116521.8703445 
0.026 -71118000.5197299 
0.027 -71119473.4995013 
0.028 -71120935.3549083 
0.029 -71122380.8883743 
0.030 -71123804.8775682 
0.031 -71125202.3032584 
0.032 -71126568.387425 
0.033 -71127898.5833384 
0.034 -71129188.4843587 
0.035 -71130433.8326642 
0.036 -71131630.7506758 
0.037 -71132775.8017202 
0.038 -71133865.6225609 
0.039 -71134897.2848024 
0.040 -71135867.9711669 
0.041 -71136775.8085887 
0.042 -71137618.8939401 
0.043 -71138395.6482808 
0.044 -71139105.2562085 
0.045 -71139746.8630363 
0.046 -71140320.3648864 
0.047 -71140825.8555859 
0.048 -71141263.7347593 
0.049 -71141635.0110073 
0.050 -71141940.7504526 
0.051 -71142182.3823798 
0.052 -71142361.6761878 
0.053 -71142480.5352569 
0.054 -71142541.4114051 
0.055 -71142546.6381374 
0.056 -71142499.0868881 
0.057 -71142401.6627415 
0.058 -71142257.3259505 
0.059 -71142069.640835 
0.060 -71141841.8151256 
0.061 -71141577.4238663 
0.062 -71141280.2651792 
0.063 -71140953.961811 
0.064 -71140602.3914151 
0.065 -71140229.2978538 
0.066 -71139838.6252631 
0.067 -71139434.0559157 
0.068 -71139019.3354249 
0.069 -71138598.3727398 
0.070 -71138174.5263727 
0.071 -71137751.4237733 
0.072 -71137332.3403363 
0.073 -71136920.6419876 
0.074 -71136519.3216544 
0.075 -71136131.1266091 
0.076 -71135758.9870701 
0.077 -71135405.2040555 
0.078 -71135072.1754574 
0.079 -71134761.9053153 
0.080 -71134476.3767576 
0.081 -71134216.9869287 
0.082 -71133985.3126131 
0.083 -71133782.4557118 
0.084 -71133609.2508258 
0.085 -71133466.3508563 
0.086 -71133354.3440147 
0.087 -71133273.2213663 
0.088 -71133223.0546122 
0.089 -71133203.4866984 
0.090 -71133214.075857 
0.091 -71133254.166441 
0.092 -71133322.8170391 
0.093 -71133418.9769429 
0.094 -71133541.357602 
0.095 -71133688.6172636 
0.096 -71133859.1495633 
0.097 -71134051.2832592 
0.098 -71134263.1835225 
0.099 -71134492.9489548 
0.100 -71134738.4227911 
0.101 -71134997.6232154 
0.102 -71135268.2925118 
0.103 -71135548.2570733 
0.104 -71135835.2695485 
0.105 -71136126.9395622 
0.106 -71136421.1222505 
0.107 -71136715.4974064 
0.108 -71137007.7663979 
0.109 -71137295.8864308 
0.110 -71137577.6768135 
0.111 -71137851.2115072 
0.112 -71138114.3797521 
0.113 -71138365.6988771 
0.114 -71138603.1867967 
0.115 -71138825.4417742 
0.116 -71139031.0899453 
0.117 -71139218.890178 
0.118 -71139387.7615639 
0.119 -71139536.7810226 
0.120 -71139665.2851005 
0.121 -71139772.6846169 
0.122 -71139858.5083841 
0.123 -71139922.5220245 
0.124 -71139964.7286299 
0.125 -71139985.2196167 
0.126 -71139984.1276649 
0.127 -71139961.916072 
0.128 -71139919.0719614 
0.129 -71139856.3297195 
0.130 -71139774.584867 
0.131 -71139674.6011268 
0.132 -71139557.5667955 
0.133 -71139424.7072493 
0.134 -71139277.2298311 
0.135 -71139116.5637747 
0.136 -71138944.0864581 
0.137 -71138761.4520001 
0.138 -71138570.1595146 
0.139 -71138371.783248 
0.140 -71138168.0578961 
0.141 -71137960.6341062 
0.142 -71137751.1129485 
0.143 -71137541.1858207 
0.144 -71137332.5168819 
0.145 -71137126.7098692 
0.146 -71136925.1928692 
0.147 -71136729.603875 
0.148 -71136541.2130205 
0.149 -71136361.5924357 
0.150 -71136191.8126056 
0.151 -71136033.0605619 
0.152 -71135886.6041429 
0.153 -71135753.1737118 
0.154 -71135633.7116872 
0.155 -71135529.0388096 
0.156 -71135439.6858253 
0.157 -71135366.1569924 
0.158 -71135308.8663013 
0.159 -71135267.924544 
0.160 -71135243.5936529 
0.161 -71135235.8275924 
0.162 -71135244.4326243 
0.163 -71135269.2314086 
0.164 -71135309.7883343 
0.165 -71135365.6454419 
0.166 -71135436.27747 
0.167 -71135520.8371161 
0.168 -71135618.6838615 
0.169 -71135728.8864645 
0.170 -71135850.4962833 
0.171 -71135982.481059 
0.172 -71136123.6807666 
0.173 -71136272.9928469 
0.174 -71136429.1298631 
0.175 -71136590.8868033 
0.176 -71136756.9254839 
0.177 -71136926.0305631 
0.178 -71137096.7604359 
0.179 -71137267.7935102 
0.180 -71137437.8462773 
0.181 -71137605.540774 
0.182 -71137769.7102538 
0.183 -71137929.0676959 
0.184 -71138082.5777977 
0.185 -71138228.9237469 
0.186 -71138367.1977425 
0.187 -71138496.363071 
0.188 -71138615.5516299 
0.189 -71138724.0151029 
0.190 -71138821.0765537 
0.191 -71138906.0197529 
0.192 -71138978.4582001 
0.193 -71139037.9216871 
0.194 -71139084.1096684 
0.195 -71139116.8879842 
0.196 -71139136.1193432 
0.197 -71139141.7761558 
0.198 -71139134.0584353 
0.199 -71139113.0915183 
0.200 -71139079.1913172 
0.201 -71139032.7528312 
0.202 -71138974.3078702 
0.203 -71138904.3424429 
0.204 -71138823.561722 
0.205 -71138732.7390789 
0.206 -71138632.5879956 
0.207 -71138524.0505701 
0.208 -71138407.9754039 
0.209 -71138285.4593478 
0.210 -71138157.3589649 
0.211 -71138024.8609822 
0.212 -71137888.9144186 
0.213 -71137750.6249297 
0.214 -71137611.1918008 
0.215 -71137471.5724849 
0.216 -71137332.8721556 
0.217 -71137196.0890856 
0.218 -71137062.4475085 
0.219 -71136932.7858554 
0.220 -71136808.1270784 
0.221 -71136689.3575917 
0.222 -71136577.3010679 
0.223 -71136472.836965 
0.224 -71136376.5806271 
0.225 -71136289.3935316 
0.226 -71136211.6278861 
0.227 -71136143.9692094 
0.228 -71136086.8155498 
0.229 -71136040.4312333 
0.230 -71136005.1924598 
0.231 -71135981.2186497 
0.232 -71135968.5842951 
0.233 -71135967.2884435 
0.234 -71135977.2053341 
0.235 -71135998.3355575 
0.236 -71136030.2716412 
0.237 -71136072.7351195 
0.238 -71136125.3764797 
0.239 -71136187.630928 
0.240 -71136259.0060088 
0.241 -71136338.9644218 
0.242 -71136426.6801852 
0.243 -71136521.5064672 
0.244 -71136622.7420682 
0.245 -71136729.4965534 
0.246 -71136840.8665136 
0.247 -71136956.0317542 
0.248 -71137074.0500157 
0.249 -71137194.0968992 
0.250 -71137315.0286631 
0.251 -71137436.0488777 
0.252 -71137556.1508038 
0.253 -71137674.4267553 
0.254 -71137790.0234959 
0.255 -71137901.9873106 
0.256 -71138009.5177667 
0.257 -71138111.8679331 
0.258 -71138208.2274853 
0.259 -71138297.9620847 
0.260 -71138380.3843468 
0.261 -71138454.9769901 
0.262 -71138521.2009555 
0.263 -71138578.6532782 
0.264 -71138626.8782715 
0.265 -71138665.7668882 
0.266 -71138694.9300501 
0.267 -71138714.3509845 
0.268 -71138723.9548943 
0.269 -71138723.6136805 
0.270 -71138713.5537158 
0.271 -71138693.9321732 
0.272 -71138664.828712 
0.273 -71138626.6807364 
0.274 -71138579.7610207 
0.275 -71138524.5345187 
0.276 -71138461.475032 
0.277 -71138391.0724942 
0.278 -71138314.0993461 
0.279 -71138231.0066762 
0.280 -71138142.5504517 
0.281 -71138049.4533518 
0.282 -71137952.5853489 
0.283 -71137852.4099855 
0.284 -71137749.9872814 
0.285 -71137646.0473332 
0.286 -71137541.4248163 
0.287 -71137436.948465 
0.288 -71137333.3174682 
0.289 -71137231.3997161 
0.290 -71137131.9454464 
0.291 -71137035.7000583 
0.292 -71136943.3524112 
0.293 -71136855.683667 
0.294 -71136773.2392571 
0.295 -71136696.6420435 
0.296 -71136626.4240983 
0.297 -71136563.1657709 
0.298 -71136507.1575389 
0.299 -71136458.9237626 
0.300 -71136418.6614169 
0.301 -71136386.7908885 
0.302 -71136363.2763479 
0.303 -71136348.4099124 
0.304 -71136342.1820256 
0.305 -71136344.615708 
0.306 -71136355.5815934 
0.307 -71136375.0411317 
0.308 -71136402.6802326 
0.309 -71136438.3095533 
0.310 -71136481.6287254 
0.311 -71136532.2450297 
0.312 -71136589.745753 
0.313 -71136653.6385618 
0.314 -71136723.3849939 
0.315 -71136798.4216323 
0.316 -71136878.2050743 
0.317 -71136962.0752031 
0.318 -71137049.33619 
0.319 -71137139.2990724 
0.320 -71137231.2683866 
0.321 -71137324.5036796 
0.322 -71137418.2996743 
0.323 -71137511.9203183 
0.324 -71137604.6297197 
0.325 -71137695.7178291 
0.326 -71137784.3910556 
0.327 -71137870.2325708 
0.328 -71137952.3734683 
0.329 -71138030.227212 
0.330 -71138103.2726555 
0.331 -71138171.0249942 
0.332 -71138232.8827525 
0.333 -71138288.4463151 
0.334 -71138337.3943307 
0.335 -71138379.3757908 
0.336 -71138414.0762425 
0.337 -71138441.3820565 
0.338 -71138460.9847069 
0.339 -71138472.9550214 
0.340 -71138477.1257559 
0.341 -71138473.5562919 
0.342 -71138462.3722782 
0.343 -71138443.6006386 
0.344 -71138417.5350524 
0.345 -71138384.2470382 
0.346 -71138344.2463135 
0.347 -71138297.7730199 
0.348 -71138245.2217123 
0.349 -71138187.0221219 
0.350 -71138123.7379079 
0.351 -71138055.7874963 
0.352 -71137983.7903136 
0.353 -71137908.2235318 
0.354 -71137829.7919066 
0.355 -71137749.0641017 
0.356 -71137666.7482275 
0.357 -71137583.3956178 
0.358 -71137499.7515138 
0.359 -71137416.3346871 
0.360 -71137333.8746537 
0.361 -71137252.9573196 
0.362 -71137174.2527556 
0.363 -71137098.2631069 
0.364 -71137025.5887028 
0.365 -71136956.8775891 
0.366 -71136892.5078305 
0.367 -71136832.9484636 
0.368 -71136778.6676225 
0.369 -71136730.0457399 
0.370 -71136687.4416 
0.371 -71136651.1379871 
0.372 -71136621.4585541 
0.373 -71136598.3822737 
0.374 -71136582.2547666 
0.375 -71136573.0551011 
0.376 -71136570.8432563 
0.377 -71136575.628974 
0.378 -71136587.2812193 
0.379 -71136605.7389472 
0.380 -71136630.8141589 
0.381 -71136662.2534396 
0.382 -71136699.8304834 
0.383 -71136743.2024124 
0.384 -71136792.0350441 
0.385 -71136845.9734556 
0.386 -71136904.4201155 
0.387 -71136967.1150425 
0.388 -71137033.4507203 
0.389 -71137102.9301038 
0.390 -71137174.9955703 
0.391 -71137249.0296999 
0.392 -71137324.5286964 
0.393 -71137400.8553391 
0.394 -71137477.4259744 
0.395 -71137553.6630512 
0.396 -71137628.9334846 
0.397 -71137702.7077914 
0.398 -71137774.3124996 
0.399 -71137843.4025629 
0.40 -71137909.2027111 
0.41 -71138304.4766016 
0.42 -71138101.0370917 
0.43 -71137472.1043376 
0.44 -71136881.6661972 
0.45 -71136744.417901 
0.46 -71137137.9617831 
0.47 -71137764.0482123 
0.48 -71138168.0133369 
0.49 -71138074.7535327 
0.50 -71137571.7773562 
0.51 -71137031.9056369 
0.52 -71136838.4844353 
0.53 -71137115.2418364 
0.54 -71137650.8350435 
0.55 -71138054.4905675 
0.56 -71138045.1453885 
0.57 -71137645.5425497 
0.58 -71137153.29552 
0.59 -71136920.7030056 
0.60 -71137103.692605 
0.61 -71137560.4496459 
0.62 -71137956.7289646 
0.63 -71138012.3990242 
0.64 -71137700.3685265 
0.65 -71137254.2058528 
0.66 -71136995.2532094 
0.67 -71137101.2642877 
0.68 -71137487.4438773 
0.69 -71137870.4927606 
0.70 -71137976.9893326 
0.71 -71137740.5612963 
0.72 -71137339.5776271 
0.73 -71137064.239868 
0.74 -71137106.4005531 
0.75 -71137428.34644 
0.76 -71137793.4989826 
0.77 -71137939.3057184 
0.78 -71137768.8817303 
0.79 -71137412.4481569 
0.80 -71137128.8562984 
0.81 -71137117.9170433 
0.82 -71137380.9106011 
0.83 -71137724.2756963 
0.84 -71137899.7253838 
0.85 -71137787.2438219 
0.86 -71137474.6369422 
0.87 -71137189.8533222 
0.88 -71137134.9558607 
0.89 -71137343.6761318 
0.90 -71137661.9128587 
0.91 -71137858.7624888 
0.92 -71137797.0716465 
0.93 -71137527.5100565 
0.94 -71137247.3668019 
0.95 -71137156.5780676 
0.96 -71137315.4978418 
0.97 -71137605.9976705 
0.98 -71137816.9381872 
0.99 -71137799.5483669 
1.00 -71137571.8746476 
1.01 -71137301.5029076 
1.02 -71137182.0959032 
1.03 -71137295.4304571 
1.04 -71137556.4012862 
1.05 -71137774.8416536 
1.06 -71137795.4491323 
1.07 -71137608.3485655 
1.08 -71137351.9884718 
1.09 -71137210.6887742 
1.10 -71137282.6761495 
1.11 -71137512.7499839 
1.12 -71137733.025056 
1.13 -71137785.7686768 
1.14 -71137637.4979858 
1.15 -71137398.6110594 
1.16 -71137241.5791245 
1.17 -71137276.6065289 
1.18 -71137475.1448559 
1.19 -71137692.1082793 
1.20 -71137771.3364068 
1.21 -71137659.6859591 
1.22 -71137441.1874593 
1.23 -71137274.1713573 
1.24 -71137276.5530374 
1.25 -71137443.4996063 
1.26 -71137652.5903264 
1.27 -71137752.9567043 
1.28 -71137675.3834204 
1.29 -71137479.4482576 
1.30 -71137307.5776596 
1.31 -71137281.7977533 
1.32 -71137417.7203637 
1.33 -71137615.1706337 
1.34 -71137731.331022 
1.35 -71137685.0020677 
1.36 -71137513.0636624 
1.37 -71137341.0914592 
1.38 -71137291.7597613 
1.39 -71137397.725172 
1.40 -71137580.4310434 
1.41 -71137707.3226553 
1.42 -71137688.9949222 
1.43 -71137541.9325855 
1.44 -71137374.0662373 
1.45 -71137305.6358081 
1.46 -71137383.346671 
1.47 -71137548.7924159 
1.48 -71137681.7507036 
1.49 -71137687.8297932 
1.50 -71137565.7998755 
1.51 -71137405.7208372 
1.52 -71137322.7539326 
1.53 -71137374.2840046 
1.54 -71137520.7329364 
1.55 -71137655.3355167 
1.56 -71137682.1937449 
1.57 -71137584.6464895 
1.58 -71137435.5162414 
1.59 -71137342.3044675 
1.60 -71137370.201575 
1.61 -71137496.6009062 
1.62 -71137628.9864326 
1.63 -71137672.6574385 
1.64 -71137598.6154125 
1.65 -71137462.7893866 
1.66 -71137363.54325 
1.67 -71137370.7421711 
1.68 -71137476.7018133 
1.69 -71137603.4300586 
1.70 -71137659.9201315 
1.71 -71137607.7554877 
1.72 -71137487.0323759 
1.73 -71137385.6675185 
1.74 -71137375.3179688 
1.75 -71137461.0824461 
1.76 -71137579.2708073 
1.77 -71137644.7890509 
1.78 -71137612.4085722 
1.79 -71137507.931308 
1.80 -71137407.9289792 
1.81 -71137383.3845868 
1.82 -71137449.8000323 
1.83 -71137557.2445139 
1.84 -71137628.0486532 
1.85 -71137612.9051186 
1.86 -71137525.1243708 
1.87 -71137429.54377 
1.88 -71137394.3027853 
1.89 -71137442.7304497 
1.90 -71137537.7821627 
1.91 -71137610.4146281 
1.92 -71137609.7243738 
1.93 -71137538.515651 
1.94 -71137449.8768943 
1.95 -71137407.3123097 
1.96 -71137439.6562548 
1.97 -71137521.356926 
1.98 -71137592.7226598 
1.99 -71137603.5149841 
2.00 -71137548.118478 
2.01 -71137468.3509658 
2.02 -71137421.7088102 
2.03 -71137440.1976685 
2.04 -71137508.182056 
2.05 -71137575.6774802 
2.06 -71137594.8534808 
2.07 -71137553.9859207 
2.08 -71137484.4610231 
2.09 -71137436.7847836 
2.10 -71137443.8779415 
2.11 -71137498.4467961 
2.12 -71137559.8430335 
2.13 -71137584.4568145 
2.14 -71137556.3937821 
2.15 -71137497.924823 
2.16 -71137451.7646365 
2.17 -71137450.138427 
2.18 -71137492.1379662 
2.19 -71137545.9321636 
2.20 -71137573.0938984 
2.21 -71137555.7936362 
2.22 -71137508.4134915 
2.23 -71137466.030431 
2.24 -71137458.3991482 
2.25 -71137489.0335206 
2.26 -71137534.2432417 
2.27 -71137561.4535698 
2.28 -71137552.573319 
2.29 -71137515.9529005 
2.30 -71137479.0205088 
2.31 -71137467.9232003 
2.32 -71137488.8631155 
2.33 -71137525.1060303 
2.34 -71137550.2215146 
2.35 -71137547.4309365 
2.36 -71137520.6094086 
2.37 -71137490.2555817 
2.38 -71137478.0475211 
2.39 -71137491.2432461 
2.40 -71137518.6206455 
2.41 -71137539.9607048 
2.42 -71137540.8869043 
2.43 -71137522.6039213 
2.44 -71137499.3714343 
2.45 -71137488.1466431 
2.46 -71137495.6357162 
2.48 -71137531.1545438 
2.49 -71137533.705449 
2.50 -71137522.1858134 
2.51 -71137506.2531707 
2.52 -71137497.6025898 
2.53 -71137501.4795653 
2.54 -71137513.4366509 
2.55 -71137524.1427383 
2.56 -71137526.396375 
2.57 -71137519.9279903 
2.58 -71137510.7591935 
2.59 -71137505.9230308 
2.60 -71137508.0683288 
2.61 -71137514.2495001 
2.62 -71137519.2043667 
2.63 -71137519.5541033 
2.64 -71137516.3363299 
2.65 -71137513.1099485 
2.66 -71137512.7263952 
2.67 -71137514.8996823 
2.68 -71137516.7961605 
2.69 -71137516.3029924 
2.70 -71137513.7340178 
2.71 -71137511.979856 
2.72 -71137513.4714952 
2.73 -71137517.7573241 
2.74 -71137521.3553103 
2.75 -71137520.705373 
2.76 -71137515.3757093 
2.77 -71137509.2242912 
2.78 -71137507.4227421 
2.79 -71137512.2785529 
2.80 -71137520.9850939 
2.81 -71137527.0015745 
2.82 -71137525.2628912 
2.83 -71137516.2297761 
2.84 -71137506.3102095 
2.85 -71137503.1813295 
2.86 -71137509.9583394 
2.87 -71137522.3578049 
2.88 -71137531.4157082 
2.89 -71137529.9891905 
2.90 -71137518.4750344 
2.91 -71137505.0188799 
2.92 -71137499.7149845 
2.93 -71137506.9298547 
2.94 -71137522.3125438 
2.95 -71137534.4378824 
2.96 -71137534.3805415 
2.97 -71137521.7089984 
2.98 -71137505.3394231 
2.99 -71137497.3673477 
3.00 -71137503.9906054 
3.01 -71137520.8886927 
3.02 -71137535.982163 
3.03 -71137538.1202065 
3.04 -71137525.4409763 
3.05 -71137507.063796 
3.06 -71137496.342188 
3.07 -71137501.3275771 
3.08 -71137518.6913533 
3.09 -71137536.0540906 
3.10 -71137540.7046668 
3.11 -71137529.2283757 
3.12 -71137509.8620937 
3.13 -71137496.7248313 
3.14 -71137499.4535462 
3.15 -71137516.1737712 
3.16 -71137534.914437 
3.17 -71137542.1129648 
3.18 -71137532.604699 
3.19 -71137513.3818246 
3.20 -71137498.4520085 
3.21 -71137498.6256134 
3.22 -71137513.7392036 
3.23 -71137532.8362174 
3.24 -71137542.2217294 
3.25 -71137535.2119112 
3.26 -71137517.22016 
3.27 -71137501.3203309 
3.28 -71137499.0535241 
3.29 -71137511.8246417 
3.30 -71137530.2542476 
3.31 -71137541.1445248 
3.32 -71137536.8663469 
3.33 -71137520.8735017 
3.34 -71137505.0165577 
3.35 -71137500.7046767 
3.36 -71137510.7480672 
3.37 -71137527.6160003 
3.38 -71137539.118301 
3.39 -71137537.370037 
3.40 -71137524.0456108 
3.41 -71137509.1952029 
3.42 -71137503.4483203 
3.43 -71137510.7156029 
3.44 -71137525.2366259 
3.45 -71137536.4449086 
3.46 -71137536.7310517 
3.47 -71137526.3795774 
3.48 -71137513.3689049 
3.49 -71137507.1381689 
3.50 -71137511.7964788 
3.51 -71137523.4575137 
3.52 -71137533.5769684 
3.53 -71137535.1266159 
3.54 -71137527.7284209 
3.55 -71137517.2128536 
3.56 -71137511.3491566 
3.57 -71137513.9881892 
3.58 -71137522.6276396 
3.59 -71137530.7546196 
3.60 -71137532.8189093 
3.61 -71137528.0142479 
3.62 -71137520.3605739 
3.63 -71137515.6873183 
3.64 -71137516.988103 
3.65 -71137522.7556681 
3.66 -71137528.4365675 
3.67 -71137530.1464325 
3.68 -71137527.3334024 
3.69 -71137522.6661666 
3.70 -71137519.8554185 
3.71 -71137520.6477126 
3.72 -71137523.8795727 
3.73 -71137526.8560487 
3.74 -71137527.3983093 
3.75 -71137525.875821 
3.76 -71137523.9762627 
3.77 -71137523.4412914 
3.78 -71137524.5128278 
3.79 -71137525.8885594 
3.80 -71137526.1310377 
3.81 -71137525.0576367 
3.82 -71137524.0437207 
3.83 -71137524.32547 
3.84 -71137526.2565033 
3.85 -71137528.2530087 
3.86 -71137528.4973137 
3.87 -71137526.3858548 
3.88 -71137523.3213397 
3.89 -71137522.020573 
3.90 -71137523.9034794 
3.91 -71137528.0644078 
3.92 -71137531.5126748 
3.93 -71137531.4298346 
3.94 -71137527.4570959 
3.95 -71137522.4546659 
3.96 -71137520.3276415 
3.97 -71137522.9985161 
3.98 -71137529.0034325 
3.99 -71137534.0801568 
4.00 -71137534.2904546 
4.01 -71137529.2580413 
4.02 -71137522.469636 
4.03 -71137519.1073821 
4.04 -71137521.9113244 
4.05 -71137529.1769391 
4.06 -71137535.7969626 
4.07 -71137536.8724938 
4.08 -71137531.4607906 
4.09 -71137523.4482846 
4.10 -71137518.7415731 
4.11 -71137520.9703418 
4.12 -71137528.8275127 
4.13 -71137536.5991171 
4.14 -71137538.7991884 
4.15 -71137533.6861593 
4.16 -71137525.0965395 
4.17 -71137519.2781692 
4.18 -71137520.5759954 
4.19 -71137528.2048874 
4.20 -71137536.6981053 
4.21 -71137539.8557347 
4.22 -71137535.7182594 
4.23 -71137527.232283 
4.24 -71137520.6771472 
4.25 -71137520.9042906 
4.26 -71137527.7077346 
4.27 -71137536.1861832 
4.28 -71137540.2397581 
4.29 -71137537.2565637 
4.30 -71137529.5198536 
4.31 -71137522.8077688 
4.32 -71137522.0329724 
4.33 -71137527.5784134 
4.34 -71137535.4157672 
4.35 -71137539.8843855 
4.36 -71137538.0606521 
4.37 -71137531.656422 
4.38 -71137525.4538776 
4.39 -71137523.9445947 
4.40 -71137528.0574256 
4.41 -71137534.6540559 
4.42 -71137538.9382424 
4.43 -71137538.1458713 
4.44 -71137533.3462689 
4.45 -71137528.2253936 
4.46 -71137526.5662587 
4.47 -71137529.2967698 
4.48 -71137534.2182581 
4.49 -71137537.6844694 
4.50 -71137537.5712664 
4.51 -71137534.3928139 
4.52 -71137530.8516522 
4.53 -71137529.521637 
4.54 -71137531.188306 
4.55 -71137534.3234632 
4.56 -71137536.4932347 
4.57 -71137536.5015209 
4.58 -71137534.800619 
4.59 -71137533.0066259 
4.60 -71137532.5931959 
4.61 -71137533.6416443 
4.62 -71137535.0102502 
4.63 -71137535.618276 
4.64 -71137535.2842996 
4.65 -71137534.6207309 
4.66 -71137534.6263181 
4.67 -71137535.4180441 
4.68 -71137536.3738041 
4.69 -71137536.3718379 
4.70 -71137535.3335745 
4.71 -71137534.0876988 
4.72 -71137534.0141809 
4.73 -71137535.5424605 
4.74 -71137537.8277422 
4.75 -71137539.0921731 
4.76 -71137538.2193963 
4.77 -71137535.6330806 
4.78 -71137533.3392563 
4.79 -71137533.3278495 
4.80 -71137535.8940759 
4.81 -71137539.5810106 
4.82 -71137541.6504566 
4.83 -71137540.3818593 
4.84 -71137536.6363995 
4.85 -71137533.2241037 
4.86 -71137532.8043501 
4.87 -71137535.9721229 
4.88 -71137540.6800313 
4.89 -71137543.5839938 
4.90 -71137542.4167267 
4.91 -71137538.1711589 
4.92 -71137533.7858782 
4.93 -71137532.6965207 
4.94 -71137535.8827397 
4.95 -71137541.2026816 
4.96 -71137544.8746931 
4.97 -71137544.2559948 
4.98 -71137539.9204742 
4.99 -71137535.0271136 
5.00 -71137533.268732 
5.01 -71137536.0303872 
5.02 -71137541.356956 
5.03 -71137545.5129086 
5.04 -71137545.5489914 
5.05 -71137541.6862307 
5.06 -71137536.8077922 
5.07 -71137534.5495945 
5.08 -71137536.5506609 
5.09 -71137541.3959277 
5.10 -71137545.5733126 
5.11 -71137546.2240111 
5.12 -71137543.1454318 
5.13 -71137538.8499541 
5.14 -71137536.4218873 
5.15 -71137537.7185496 
5.16 -71137541.6007199 
5.17 -71137545.2929606 
5.18 -71137546.2875867 
5.19 -71137544.2156133 
5.20 -71137540.8285269 
5.21 -71137538.7858858 
5.22 -71137539.4397239 
5.23 -71137542.1649359 
5.24 -71137544.9102637 
5.25 -71137545.8784972 
5.26 -71137544.7009161 
5.27 -71137542.55498 
5.28 -71137541.2698791 
5.29 -71137541.6376438 
5.30 -71137543.2371808 
5.31 -71137544.784729 
5.32 -71137545.2111857 
5.33 -71137544.6597238 
5.34 -71137543.8838561 
5.35 -71137543.6823639 
5.36 -71137544.1872553 
5.37 -71137544.8449661 
5.38 -71137545.0261306 
5.39 -71137544.697468 
5.40 -71137544.3785454 
5.41 -71137544.684927 
5.42 -71137545.7230323 
5.43 -71137546.7055557 
5.44 -71137546.8169115 
5.45 -71137545.8147587 
5.46 -71137544.4140805 
5.47 -71137543.995213 
5.48 -71137545.1270074 
5.49 -71137547.3241673 
5.50 -71137549.0488933 
5.51 -71137549.0184168 
5.52 -71137547.1092416 
5.53 -71137544.7404137 
5.54 -71137543.8512466 
5.55 -71137545.3025557 
5.56 -71137548.3745604 
5.57 -71137550.8987169 
5.58 -71137551.0799985 
5.59 -71137548.7548599 
5.60 -71137545.6252666 
5.61 -71137544.1207553 
5.62 -71137545.5395061 
5.63 -71137549.0120207 
5.64 -71137552.1827001 
5.65 -71137552.7479587 
5.66 -71137550.4161835 
5.67 -71137547.0119868 
5.68 -71137545.0159059 
5.69 -71137546.0303731 
5.70 -71137549.465113 
5.71 -71137552.8265868 
5.72 -71137553.9274962 
5.73 -71137552.013815 
5.74 -71137548.674295 
5.75 -71137546.4193279 
5.76 -71137546.9887303 
5.77 -71137549.9241824 
5.78 -71137553.1454015 
5.79 -71137554.479528 
5.80 -71137553.2004167 
5.81 -71137550.3628683 
5.82 -71137548.3663847 
5.83 -71137548.4994634 
5.84 -71137550.6639992 
5.85 -71137553.2799948 
5.86 -71137554.5558676 
5.87 -71137553.8772247 
5.88 -71137552.0133289 
5.89 -71137550.5094178 
5.90 -71137550.4952965 
5.91 -71137551.8425578 
5.92 -71137553.5237054 
5.93 -71137554.3498308 
5.94 -71137554.1257287 
5.95 -71137553.242228 
5.96 -71137552.6417574 
5.97 -71137552.8316243 
5.98 -71137553.4710147 
5.99 -71137554.1139945 
6.00 -71137554.2645582 
6.01 -71137553.992703 
6.02 -71137554.0768948 
6.03 -71137554.5426273 
6.04 -71137555.2183952 
6.05 -71137555.5279442 
6.06 -71137555.1389133 
6.07 -71137554.4053292 
6.08 -71137553.989065 
6.09 -71137554.5602342 
6.10 -71137556.0307522 
6.11 -71137557.4363775 
6.12 -71137557.7210228 
6.13 -71137556.6300023 
6.14 -71137555.0073782 
6.15 -71137554.1744085 
6.16 -71137554.9548887 
6.17 -71137557.1023559 
6.18 -71137559.1668187 
6.19 -71137559.7383494 
6.20 -71137558.3818913 
6.21 -71137556.0778484 
6.22 -71137554.7235653 
6.23 -71137555.4702113 
6.24 -71137557.8641106 
6.25 -71137560.4347426 
6.26 -71137561.3852412 
6.27 -71137560.037278 
6.28 -71137557.5690389 
6.29 -71137555.8250609 
6.30 -71137556.212771 
6.31 -71137558.5192501 
6.32 -71137561.2317415 
6.33 -71137562.4301766 
6.34 -71137561.4558433 
6.35 -71137559.1916098 
6.36 -71137557.3592535 
6.37 -71137557.4089683 
6.38 -71137559.2732921 
6.39 -71137561.7396919 
6.40 -71137562.9778584 
6.41 -71137562.5149347 
6.42 -71137560.7450727 
6.43 -71137559.220244 
6.44 -71137559.0733923 
6.45 -71137560.3281921 
6.46 -71137562.1635655 
6.47 -71137563.2535626 
6.48 -71137563.0869931 
6.49 -71137562.1008902 
6.50 -71137561.2096462 
6.51 -71137561.1492167 
6.52 -71137561.9146837 
6.53 -71137562.8172455 
6.54 -71137563.3597011 
6.55 -71137563.3524831 
6.56 -71137563.1015921 
6.57 -71137563.0612105 
6.58 -71137563.4259112 
6.59 -71137563.8207629 
6.60 -71137563.9491932 
6.61 -71137563.6782813 
6.62 -71137563.4942444 
6.63 -71137563.8175499 
6.64 -71137564.7149718 
6.65 -71137565.6314652 
6.66 -71137565.934119 
6.67 -71137565.4104551 
6.68 -71137564.477166 
6.69 -71137563.8872271 
6.70 -71137564.3930266 
6.71 -71137565.9134734 
6.72 -71137567.4847163 
6.73 -71137568.0114819 
6.74 -71137567.0879461 
6.75 -71137565.5212254 
6.76 -71137564.5407005 
6.77 -71137565.0408912 
6.78 -71137566.8656566 
6.79 -71137568.8545276 
6.80 -71137569.7003066 
6.81 -71137568.8257464 
6.82 -71137567.0289538 
6.83 -71137565.658993 
6.84 -71137565.8670678 
6.85 -71137567.6771407 
6.86 -71137569.8111713 
6.87 -71137570.8994417 
6.88 -71137570.3057334 
6.89 -71137568.6222149 
6.90 -71137567.1869286 
6.91 -71137567.1203499 
6.92 -71137568.5647409 
6.93 -71137570.496522 
6.94 -71137571.6813338 
6.95 -71137571.4014116 
6.96 -71137570.1165323 
6.97 -71137568.9396109 
6.98 -71137568.8176481 
6.99 -71137569.7662975 
7.00 -71137571.1793664 
7.01 -71137572.0525437 
7.02 -71137572.0894177 
7.03 -71137571.4489135 
7.04 -71137570.844625 
7.05 -71137570.8783597 
7.06 -71137571.3971745 
7.07 -71137572.0473264 
7.08 -71137572.455401 
7.09 -71137572.4995669 
7.10 -71137572.4489662 
7.11 -71137572.6515197 
7.12 -71137573.0490433 
7.13 -71137573.354422 
7.14 -71137573.3791366 
7.15 -71137573.0892733 
7.16 -71137572.9415022 
7.17 -71137573.2823533 
7.18 -71137574.2488868 
7.19 -71137575.0896351 
7.20 -71137575.4822335 
7.21 -71137574.9666148 
7.22 -71137574.1143813 
7.23 -71137573.5766059 
7.24 -71137573.9843662 
7.25 -71137575.3929711 
7.26 -71137576.7898161 
7.27 -71137577.4052843 
7.28 -71137576.7445575 
7.29 -71137575.4741395 
7.30 -71137574.5511386 
7.31 -71137574.8244138 
7.32 -71137576.3984206 
7.33 -71137578.0596263 
7.34 -71137578.8491735 
7.35 -71137578.3569605 
7.36 -71137576.9552006 
7.37 -71137575.9093337 
7.38 -71137575.9673683 
7.39 -71137577.2766719 
7.40 -71137578.9841496 
7.41 -71137579.9639774 
7.42 -71137579.6564918 
7.43 -71137578.5394822 
7.44 -71137577.5177193 
7.45 -71137577.4478165 
7.46 -71137578.4785238 
7.47 -71137579.7702495 
7.48 -71137580.6566404 
7.49 -71137580.677886 
7.50 -71137580.0179705 
7.51 -71137579.3936771 
7.52 -71137579.3350939 
7.53 -71137579.9229307 
7.54 -71137580.7362521 
7.55 -71137581.2292285 
7.56 -71137581.3044339 
7.57 -71137581.1510893 
7.58 -71137581.1990865 
7.59 -71137581.4669764 
7.60 -71137581.8144104 
7.61 -71137581.9767107 
7.62 -71137581.9756305 
7.63 -71137581.8642666 
7.64 -71137582.1445262 
7.65 -71137582.8415729 
7.66 -71137583.552638 
7.67 -71137583.8660126 
7.68 -71137583.5558098 
7.69 -71137582.9193761 
7.70 -71137582.6409004 
7.71 -71137583.0302526 
7.72 -71137584.1745816 
7.73 -71137585.3746393 
7.74 -71137585.8235424 
7.75 -71137585.3015681 
7.76 -71137584.3361072 
7.77 -71137583.6600692 
7.78 -71137584.0173398 
7.79 -71137585.3446151 
7.80 -71137586.7446266 
7.81 -71137587.3678429 
7.82 -71137586.9813232 
7.83 -71137585.8220337 
7.84 -71137585.0870004 
7.85 -71137585.1309259 
7.86 -71137586.3693333 
7.87 -71137587.7754643 
7.88 -71137588.5765329 
7.89 -71137588.3400148 
7.90 -71137587.3945228 
7.91 -71137586.6845938 
7.92 -71137586.6653588 
7.93 -71137587.5770024 
7.94 -71137588.693009 
7.95 -71137589.4165204 
7.96 -71137589.3840822 
7.97 -71137588.9104298 
7.98 -71137588.4788111 
7.99 -71137588.5943044 
8.00 -71137589.1235679 
8.01 -71137589.7138498 
8.02 -71137590.1020603 
8.03 -71137590.1958532 
8.04 -71137590.143859 
8.05 -71137590.3497905 
8.06 -71137590.6483774 
8.07 -71137590.9549801 
8.08 -71137591.0238018 
8.09 -71137590.9441945 
8.10 -71137590.9442473 
8.11 -71137591.2702942 
8.12 -71137592.0060739 
8.13 -71137592.6605225 
8.14 -71137592.9806255 
8.15 -71137592.652785 
8.16 -71137592.0755646 
8.17 -71137591.8692289 
8.18 -71137592.3090124 
8.19 -71137593.3939085 
8.20 -71137594.3947484 
8.21 -71137594.8199673 
8.22 -71137594.4106664 
8.23 -71137593.4879548 
8.24 -71137593.0168479 
8.25 -71137593.4121775 
8.26 -71137594.5586524 
8.27 -71137595.7957553 
8.28 -71137596.3305337 
8.29 -71137595.9671686 
8.30 -71137595.0953671 
8.31 -71137594.5182446 
8.32 -71137594.7383034 
8.33 -71137595.7264399 
8.34 -71137596.8393791 
8.35 -71137597.4800916 
8.36 -71137597.2964162 
8.37 -71137596.6662606 
8.38 -71137596.2561976 
8.39 -71137596.3944131 
8.40 -71137597.0727912 
8.41 -71137597.8540999 
8.42 -71137598.3161034 
8.43 -71137598.3316691 
8.44 -71137598.1867194 
8.45 -71137598.1317088 
8.46 -71137598.3284776 
8.47 -71137598.7428267 
8.48 -71137599.0504952 
8.49 -71137599.1865341 
8.50 -71137599.2996933 
8.51 -71137599.4942911 
8.52 -71137599.9008546 
8.53 -71137600.42401 
8.54 -71137600.6549687 
8.55 -71137600.5453798 
8.56 -71137600.2612168 
8.57 -71137600.2055442 
8.58 -71137600.7215681 
8.59 -71137601.5147609 
8.60 -71137602.2543563 
8.61 -71137602.5292331 
8.62 -71137602.1964233 
8.63 -71137601.5774392 
8.64 -71137601.3165145 
8.65 -71137601.8113995 
8.66 -71137602.79159 
8.67 -71137603.9160376 
8.68 -71137604.1493144 
8.69 -71137603.8448094 
8.70 -71137603.1376124 
8.71 -71137602.7564662 
8.72 -71137603.159686 
8.73 -71137604.0393932 
8.74 -71137605.1477756 
8.75 -71137605.5000686 
8.76 -71137605.3229447 
8.77 -71137604.7764919 
8.78 -71137604.3900436 
8.79 -71137604.6476325 
8.80 -71137605.4151275 
8.81 -71137606.164861 
8.82 -71137606.6469387 
8.83 -71137606.6476936 
8.84 -71137606.3791147 
8.85 -71137606.2892529 
8.86 -71137606.4815588 
8.87 -71137606.9222501 
8.88 -71137607.338944 
8.89 -71137607.5900597 
8.90 -71137607.671018 
8.91 -71137607.8207715 
8.92 -71137608.1721817 
8.93 -71137608.6031018 
8.94 -71137608.7448142 
8.95 -71137608.719112 
8.96 -71137608.6471681 
8.97 -71137608.7064557 
8.98 -71137609.1341529 
8.99 -71137609.863274 
9.00 -71137610.4344032 
9.01 -71137610.6185263 
9.02 -71137610.3711447 
9.03 -71137609.9294911 
9.04 -71137609.8887035 
9.05 -71137610.3843337 
9.06 -71137611.2938552 
9.07 -71137612.1575341 
9.08 -71137612.4139872 
9.09 -71137611.9962342 
9.10 -71137611.5124557 
9.11 -71137611.244646 
9.12 -71137611.6544419 
9.13 -71137612.6389699 
9.14 -71137613.4573704 
9.15 -71137613.8432616 
9.16 -71137613.5666032 
9.17 -71137613.1216956 
9.18 -71137612.9868107 
9.19 -71137613.230591 
9.20 -71137613.9912753 
9.21 -71137614.6449759 
9.22 -71137615.0135522 
9.23 -71137614.9267199 
9.24 -71137614.7990593 
9.25 -71137614.7616446 
9.26 -71137615.1091465 
9.27 -71137615.4827286 
9.28 -71137615.8277585 
9.29 -71137616.0499459 
9.30 -71137616.1559824 
9.31 -71137616.3862141 
9.32 -71137616.7156697 
9.33 -71137617.1119413 
9.34 -71137617.3484329 
9.35 -71137617.3125089 
9.36 -71137617.1858292 
9.37 -71137617.2997306 
9.38 -71137617.7821522 
9.39 -71137618.4446946 
9.40 -71137619.0043502 
9.41 -71137619.2115316 
9.42 -71137618.7894776 
9.43 -71137618.753325 
9.44 -71137618.467138 
9.45 -71137619.0744894 
9.46 -71137619.8998111 
9.47 -71137620.6754822 
9.48 -71137620.7910107 
9.49 -71137620.4796683 
9.50 -71137620.074146 
9.51 -71137619.9653527 
9.52 -71137620.4575388 
9.53 -71137621.2528604 
9.54 -71137622.0689896 
9.55 -71137622.273792 
9.56 -71137622.0247531 
9.57 -71137621.7755607 
9.58 -71137621.7292847 
9.59 -71137622.0619043 
9.60 -71137622.7120412 
9.61 -71137623.2915147 
9.62 -71137623.4315588 
9.63 -71137623.560262 
9.64 -71137623.4481619 
9.65 -71137623.6674866 
9.66 -71137623.9636201 
9.67 -71137624.2669345 
9.68 -71137624.5741525 
9.69 -71137624.6753078 
9.70 -71137624.8191017 
9.71 -71137625.086982 
9.72 -71137625.4762156 
9.73 -71137625.8975278 
9.74 -71137625.9901 
9.75 -71137625.932297 
9.76 -71137625.8307549 
9.77 -71137626.0692164 
9.78 -71137626.5743058 
9.79 -71137627.2161873 
9.80 -71137627.7829638 
9.81 -71137627.9007041 
9.82 -71137627.5224583 
9.83 -71137627.2059595 
9.84 -71137627.3810592 
9.85 -71137627.9221939 
9.86 -71137628.7903053 
9.87 -71137629.3668645 
9.88 -71137629.5291465 
9.89 -71137629.1360049 
9.90 -71137628.8996837 
9.91 -71137628.940802 
9.92 -71137629.4456622 
9.93 -71137630.2157781 
9.94 -71137630.7094944 
9.95 -71137630.9813138 
9.96 -71137630.7600657 
9.97 -71137630.6649286 
9.98 -71137630.7642492 
9.99 -71137631.1347897 
10.00 -71137631.5943282 
