0.00 -907650.131776705
0.01 -907650.608316301 
0.02 -907652.018659605 
0.03 -907654.383901158 
0.04 -907657.679272355 
0.05 -907661.895503389 
0.06 -907667.016046028 
0.07 -907673.033821154 
0.08 -907679.902474063 
0.09 -907687.626696137 
0.10 -907696.155096891 
0.11 -907705.479793631 
0.12 -907715.545042018 
0.13 -907726.268786025 
0.14 -907737.650844861 
0.15 -907749.659893334 
0.16 -907762.190404515 
0.17 -907775.250827398 
0.18 -907788.724540038 
0.19 -907802.612211837 
0.20 -907816.854902893 
0.21 -907831.359513406 
0.22 -907846.079716366 
0.23 -907860.967469961 
0.24 -907875.960926101 
0.25 -907890.99768197 
0.26 -907906.020421269 
0.27 -907920.979483062 
0.28 -907935.820425124 
0.29 -907950.480520973 
0.30 -907964.915113785 
0.31 -907979.073477556 
0.32 -907992.894216903 
0.33 -908006.346340216 
0.34 -908019.376679987 
0.35 -908031.947691862 
0.36 -908044.013729021 
0.37 -908055.546303706 
0.38 -908066.501454284 
0.39 -908076.859988899 
0.40 -908086.584618403 
0.41 -908095.679668181 
0.42 -908104.091025132 
0.43 -908111.828264714 
0.44 -908118.884504697 
0.45 -908125.238004073 
0.46 -908130.886815195 
0.47 -908135.848149296 
0.48 -908140.12594452 
0.49 -908143.720080187 
0.50 -908146.656094493 
0.51 -908148.930191381 
0.52 -908150.571508977 
0.53 -908151.617276131 
0.54 -908152.0562466 
0.55 -908151.948355373 
0.56 -908151.304156062 
0.57 -908150.169046219 
0.58 -908148.54319233 
0.59 -908146.511177607 
0.60 -908144.064834075 
0.61 -908141.261042499 
0.62 -908138.142620381 
0.63 -908134.723081492 
0.64 -908131.068009919 
0.65 -908127.179240356 
0.66 -908123.174466967 
0.67 -908119.014767407 
0.68 -908114.772999579 
0.69 -908110.475369334 
0.70 -908106.164116807 
0.71 -908101.879162342 
0.72 -908097.636407465 
0.73 -908093.491339516 
0.74 -908089.459420977 
0.75 -908085.574914595 
0.76 -908081.8820581 
0.77 -908078.381288113 
0.78 -908075.078748056 
0.79 -908072.03535507 
0.80 -908069.246657253 
0.81 -908066.742707821 
0.82 -908064.520536916 
0.83 -908062.597856994 
0.84 -908060.980824379 
0.85 -908059.682788929 
0.86 -908058.698976625 
0.87 -908058.019473519 
0.88 -908057.669427779 
0.89 -908057.623097332 
0.90 -908057.884077905 
0.91 -908058.436793912 
0.92 -908059.274784145 
0.93 -908060.396158894 
0.94 -908061.770138446 
0.95 -908063.394154927 
0.96 -908065.246311908 
0.97 -908067.306261779 
0.98 -908069.559399184 
0.99 -908071.980205229 
1.00 -908074.555098841 
1.01 -908077.253518432 
1.02 -908080.059697987 
1.03 -908082.951160683 
1.04 -908085.895016854 
1.05 -908088.873728552 
1.06 -908091.873223483 
1.07 -908094.847955066 
1.08 -908097.791630312 
1.09 -908100.686185031 
1.10 -908103.501509283 
1.11 -908106.21927508 
1.12 -908108.824294169 
1.13 -908111.294241954 
1.14 -908113.60784488 
1.15 -908115.765161059 
1.16 -908117.746432322 
1.17 -908119.53731051 
1.18 -908121.122120783 
1.19 -908122.506045138 
1.20 -908123.664086784 
1.21 -908124.612437872 
1.22 -908125.33798856 
1.23 -908125.835929511 
1.24 -908126.115755983 
1.25 -908126.171764632 
1.26 -908126.013100573 
1.27 -908125.643046308 
1.28 -908125.066808819 
1.29 -908124.292848181 
1.30 -908123.326361708 
1.31 -908122.185521719 
1.32 -908120.878304497 
1.33 -908119.419387715 
1.34 -908117.81493584 
1.35 -908116.10332533 
1.36 -908114.268424093 
1.37 -908112.347184109 
1.38 -908110.346035483 
1.39 -908108.297117086 
1.40 -908106.191368619 
1.41 -908104.067182573 
1.42 -908101.939851996 
1.43 -908099.804986558 
1.44 -908097.709384751 
1.45 -908095.673278643 
1.46 -908093.667630659 
1.47 -908091.744335901 
1.48 -908089.903776534 
1.49 -908088.160931126 
1.50 -908086.503942819 
1.51 -908085.019852098 
1.52 -908083.657501997 
1.53 -908082.415587304 
1.54 -908081.34094492 
1.55 -908080.414260758 
1.56 -908079.640745359 
1.57 -908079.029163036 
1.58 -908078.606534833 
1.59 -908078.346123342 
1.60 -908078.235779487 
1.61 -908078.316115231 
1.62 -908078.554328137 
1.63 -908078.944646788 
1.64 -908079.497165363 
1.65 -908080.196968514 
1.66 -908081.042897054 
1.67 -908082.024861597 
1.68 -908083.133297941 
1.69 -908084.358672944 
1.70 -908085.690027611 
1.71 -908087.115650957 
1.72 -908088.624445368 
1.73 -908090.200703963 
1.74 -908091.833152433 
1.75 -908093.516199765 
1.76 -908095.225353806 
1.77 -908096.953177145 
1.78 -908098.684221955 
1.79 -908100.409569188 
1.80 -908102.10924015 
1.81 -908103.780314038 
1.82 -908105.388645808 
1.83 -908106.953861844 
1.84 -908108.431459425 
1.85 -908109.83949421 
1.86 -908111.137596369 
1.87 -908112.348748061 
1.88 -908113.437551241 
1.89 -908114.425012413 
1.90 -908115.288682093 
1.91 -908116.013227268 
1.92 -908116.618898318 
1.93 -908117.071488849 
1.94 -908117.40144646 
1.95 -908117.590077565 
1.96 -908117.633607721 
1.97 -908117.545458885 
1.98 -908117.327964041 
1.99 -908116.979193459 
2.00 -908116.488410133 
2.01 -908115.899174099 
2.02 -908115.172402289 
2.03 -908114.335357427 
2.04 -908113.412349475 
2.05 -908112.379846656 
2.06 -908111.294910139 
2.07 -908110.105751013 
2.08 -908108.861133093 
2.09 -908107.568120693 
2.10 -908106.219880942 
2.11 -908104.841835613 
2.12 -908103.440848655 
2.13 -908102.035150852 
2.14 -908100.621228431 
2.15 -908099.227343359 
2.16 -908097.857905741 
2.17 -908096.510431865 
2.18 -908095.21476588 
2.19 -908093.968921165 
2.20 -908092.782895666 
2.21 -908091.677139953 
2.22 -908090.642410127 
2.23 -908089.685797596 
2.24 -908088.8401672 
2.25 -908088.079284575 
2.26 -908087.420908835 
2.27 -908086.872142205 
2.28 -908086.440351652 
2.29 -908086.120703068 
2.30 -908085.888723017 
2.31 -908085.808413462 
2.32 -908085.833802926 
2.33 -908085.959036952 
2.34 -908086.203150617 
2.35 -908086.553594511 
2.36 -908087.014418909 
2.37 -908087.57082784 
2.38 -908088.228602478 
2.39 -908088.972272373 
2.40 -908089.79503227 
2.41 -908090.702162515 
2.42 -908091.676874114 
2.43 -908092.703972197 
2.44 -908093.794737144 
2.45 -908094.927871897 
2.46 -908096.094683595 
2.47 -908097.289094738 
2.48 -908098.494254317 
2.49 -908099.712213092 
2.50 -908100.928362275 
2.51 -908102.128571562 
2.52 -908103.30823653 
2.53 -908104.46041407 
2.54 -908105.562600615 
2.55 -908106.612172892 
2.56 -908107.631876159 
2.57 -908108.568014856 
2.58 -908109.441758477 
2.59 -908110.240354277 
2.60 -908110.963910447 
2.61 -908111.583057511 
2.62 -908112.127512102 
2.63 -908112.565941183 
2.64 -908112.929271295 
2.65 -908113.181723406 
2.66 -908113.336258172 
2.67 -908113.378788935 
2.68 -908113.3393183 
2.69 -908113.200044577 
2.70 -908112.960146431 
2.71 -908112.628354219 
2.72 -908112.208353271 
2.73 -908111.704388001 
2.74 -908111.107925965 
2.75 -908110.454668472 
2.76 -908109.709565293 
2.77 -908108.917269054 
2.78 -908108.059411716 
2.79 -908107.154578045 
2.80 -908106.212277295 
2.81 -908105.225229023 
2.82 -908104.223340083 
2.83 -908103.19565291 
2.84 -908102.148794748 
2.85 -908101.113936397 
2.86 -908100.080388838 
2.87 -908099.063408403 
2.88 -908098.069537154 
2.89 -908097.097059976 
2.90 -908096.161782815 
2.91 -908095.276644513 
2.92 -908094.432505107 
2.93 -908093.655294625 
2.94 -908092.942936734 
2.95 -908092.279969136 
2.96 -908091.696397239 
2.97 -908091.18497207 
2.98 -908090.764753755 
2.99 -908090.413024428 
3.00 -908090.151614455 
3.1 -908092.118083443 
3.2 -908100.14955664 
3.3 -908108.232495916 
3.4 -908110.660259835 
3.5 -908106.136407913 
3.6 -908098.357729272 
3.7 -908093.049796974 
3.8 -908093.802793563 
3.9 -908099.700676493 
4.0 -908106.309016723 
4.1 -908108.904163654 
4.2 -908105.947352577 
4.3 -908099.914074039 
4.4 -908095.282439531 
4.5 -908095.242170152 
4.6 -908099.509940605 
4.7 -908104.824443733 
4.8 -908107.390835662 
4.9 -908105.597541985 
5.0 -908101.030208462 
5.1 -908097.132649357 
5.2 -908096.597243648 
5.3 -908099.559440381 
5.4 -908103.671303577 
5.5 -908105.997986583 
5.6 -908105.049568903 
5.7 -908101.778262221 
5.8 -908098.6817346 
5.9 -908097.917960282 
6.0 -908099.802512103 
6.1 -908102.783326684 
6.2 -908104.691495727 
6.3 -908104.307955795 
6.4 -908102.167015712 
6.5 -908099.936984207 
6.6 -908099.20040181 
6.7 -908100.261219062 
6.8 -908102.186865923 
6.9 -908103.52528026 
7.0 -908103.452444846 
7.1 -908102.24270057 
7.2 -908100.896166873 
7.3 -908100.388092258 
7.4 -908100.901839217 
7.5 -908101.89990072 
7.6 -908102.603273434 
7.7 -908102.606108448 
7.8 -908102.087644971 
7.9 -908101.557276657 
8.0 -908101.416402173 
8.1 -908101.647952449 
8.2 -908101.942285056 
8.3 -908102.039385038 
8.4 -908101.941077598 
8.5 -908101.847872241 
8.6 -908101.939651934 
8.7 -908102.206830269 
8.8 -908102.362595689 
8.9 -908102.217873793 
9.0 -908101.866555432 
9.1 -908101.602646405 
9.2 -908101.689987229 
9.3 -908102.146641051 
9.4 -908102.694052639 
9.5 -908102.897252794 
9.6 -908102.593738827 
9.7 -908102.020275109 
9.8 -908101.602066249 
9.9 -908101.69376976 
10.0 -908102.237486925 
